5
1 3 6 7 9
5
17 22 27 32 36
5
2 105377 210752 316127 421503
29
33 17285 34537 51789 69041 86293 103545 120797 138049 155301 172553 189805 207057 224309 241561 258813 276065 293317 310569 327821 345073 362326 379577 396829 414081 431333 448585 465837 483089
50
301 18123 35945 53767 71589 89411 107233 125055 142877 160699 178521 196343 214165 231987 249809 267631 285453 303276 321097 338919 356741 374563 392385 410207 428029 445851 463673 481495 499317 517139 534961 552783 570605 588427 606249 624071 641893 659715 677537 695359 713181 731003 748825 766647 784469 802291 820113 837935 855757 873579
25
493 534127 12545 18571 24597 30623 36649 42675 48701 54727 60753 66779 72805 78831 84857 90883 96909 102935 108961 114987 121013 127039 133065 139091 145117
95
460 4428 8396 12364 16332 20300 24268 28236 32204 36172 40140 44108 48076 52044 56012 59980 63948 67916 71884 75852 79820 83788 87756 91724 95692 99660 103628 107596 111564 115532 119500 123468 127436 131404 135372 139340 143308 147276 151244 155212 159180 163148 167116 171084 175052 179020 182988 186956 190924 194892 198860 202828 206796 210764 214732 218700 222668 226636 230604 234572 238540 242508 246476 250444 40828 258380 262348 266316 270284 274252 278220 282188 286156 290124 294092 298060 302028 305996 309964 313932 317900 321868 325836 329804 333772 337740 341708 345676 349644 353612 357580 361548 365516 369484 373452
13
949 43785 86622 129459 172296 215133 257970 300807 343644 386481 429318 472155 514992
21
249 44538 88827 133116 177405 221694 265983 310272 354561 398850 443139 90367 531717 576006 620295 664584 708873 753162 797451 841740 886029
88
780 2857 4934 7011 9088 11165 13242 15319 17396 19473 21550 23627 25704 27781 29858 31935 34012 36089 38166 40243 42320 44397 46474 48551 50628 52705 54782 56859 58936 61013 63090 65167 67244 69321 71398 73475 75552 77629 79706 81783 83860 85937 88014 90091 92168 94245 96322 98399 100476 102553 104630 106707 108784 110861 112938 115015 117092 119169 121246 123323 125400 127477 129554 131631 133708 135785 137862 139939 142016 144093 146170 148247 150324 152401 154478 156555 158632 160709 162786 164863 166940 169017 171094 173171 175248 177326 179402 181479
105
961 7557 14153 20749 27345 33941 40537 47133 53729 60325 66921 73517 80113 86709 93305 99901 106497 113093 119689 126285 132881 139477 146073 152669 159265 165861 172457 179053 185649 192245 198841 205437 212033 218629 225225 231821 238417 245013 251609 258205 264801 271397 277993 284589 291185 297781 304377 310973 317569 324165 330761 337357 343953 350549 357145 363741 370337 376933 383529 390126 396721 403317 409913 416509 423105 429701 436297 442893 449489 456085 462681 469277 475873 482469 489065 495661 502257 508853 515449 522045 528641 535237 541833 548429 555025 561621 568217 574813 581409 588005 594601 601197 607793 614389 620985 627581 634177 640773 647369 653965 660561 667157 673753 680349 686945
42
629 9851 19073 28295 37517 46739 55961 65183 74405 83627 92849 102071 111293 120515 129737 138959 148181 157403 166625 175847 185069 194291 203513 212735 221957 231179 240401 249623 258845 268067 277289 286511 295733 304955 314177 323399 332621 842436 351065 360287 369509 378731
162
48 521 994 1467 1940 2413 2886 3359 3832 4305 4778 5251 5724 6197 6670 7143 7616 8089 8562 9035 9508 9981 10454 10927 11400 11873 12346 12819 13292 13765 14238 14711 15184 15657 16130 16603 17076 17549 18022 18495 18968 19441 19914 20387 20860 21333 21806 22279 22752 23225 23698 24171 24644 25117 25590 26063 26536 27009 27482 27955 28428 28901 29374 29847 30320 30793 31266 31739 32212 32685 33158 33631 34104 34577 35050 35523 35996 36469 36942 37415 37889 38361 38834 39307 39780 40253 40726 41199 41672 42145 42618 43091 43564 44037 44510 44983 45456 45929 46402 46875 47348 47821 48294 48767 49240 49713 50186 50659 51132 51605 52078 52551 53024 53497 53970 54443 54916 55389 55862 56335 56808 57281 57754 58227 58700 59173 59646 60119 60592 61065 61538 62011 62484 62957 63430 63903 64376 64849 65322 65795 66268 66741 67214 67687 68160 68633 69106 69579 70052 70525 70998 71471 71944 72417 72890 73363 73836 74309 74782 75255 75728 76201
148
17 1865 3713 5561 7409 9257 11106 12953 14801 16649 18497 20345 22193 24041 25889 27737 29585 31433 33281 35129 36977 38825 40673 42521 44369 46217 48065 49913 51761 53609 55457 57305 59153 61001 62849 64697 66545 68393 70241 72089 73937 75785 77633 79481 81329 83177 85025 86873 88721 90569 92417 94265 96113 97961 99809 101657 103505 105353 107201 109049 110897 112745 114593 116441 118289 120137 121985 123833 125681 127529 129377 131225 133073 134921 136769 138617 140465 142313 144161 146009 147857 149705 151553 153401 155249 157097 158945 160793 162641 164489 166337 168185 170033 171881 173729 175577 177425 179273 181121 182969 184817 186665 188513 190361 192209 194057 195905 197753 199601 201449 203297 205145 206993 208841 210689 212537 214385 216233 218081 219929 221777 223625 225473 227321 229169 231017 232865 234713 236561 238409 240257 242105 243953 245801 247649 249497 251345 253193 255041 256889 258737 260585 262433 264281 266129 267977 269825 271673
136
520 7602 14684 21766 28848 35930 43012 50094 57176 64258 71340 78422 85504 92586 99668 106750 113832 120914 127996 135078 142160 149243 156324 163406 170488 177570 184652 191734 198816 205898 212980 220062 227144 234226 241308 248390 255472 262554 269636 276718 283800 290882 297964 305046 312128 319210 326292 333374 340456 347538 354620 361702 368784 375866 382948 390030 397112 404194 411276 418358 425440 432522 439604 446686 453768 460850 467932 475014 482096 489178 496260 503342 510424 517506 524588 531670 538752 545834 552916 559998 567080 574162 581244 588326 595408 602490 609572 616654 623736 630818 637900 644982 652064 659146 666228 673310 680392 687474 694556 701638 708720 715802 722884 729966 737048 744130 751212 758294 765376 772458 779540 786622 793704 800786 807868 814950 822032 829114 836196 843278 850360 857442 864524 871606 878688 885770 892852 899934 907016 914098 921180 928262 935344 942426 949508 956590
139
454 3972 7490 11008 14526 18044 21562 25080 28598 32116 35634 39152 42670 46188 49706 53224 56742 60260 63778 67296 70814 74332 77850 81368 84886 88404 91922 95440 98958 102476 105994 109512 113030 116548 120066 80882 127102 130620 134138 137656 141174 144692 148210 151728 155246 158764 162282 165800 169318 172836 176354 179872 183390 186908 190426 193944 197462 200980 204498 208016 211534 215052 218570 222088 225606 229124 232642 236160 239678 243196 246714 250232 253750 257268 260786 264304 267822 271340 274858 278376 281894 285412 288930 292448 295966 299484 303002 306520 310038 313556 317074 320592 324110 327628 331146 334664 338182 341700 345218 348736 352254 355772 359290 362808 366326 369844 373362 376880 380398 383916 387434 390952 394470 397988 401506 405024 408542 412060 415578 419096 422614 426132 429650 433168 436686 440204 443722 447240 450758 454276 457794 461312 464830 468348 471866 475384 478902 482420 485938
111
468 1006 1544 2082 2620 3158 3696 4234 4772 5310 5848 6386 6924 7462 8000 8538 9076 9614 10152 10690 11228 11766 12304 12842 13380 13918 14456 14994 15532 16070 16608 17146 17684 18222 18760 19298 19836 20374 20912 529815 21988 22526 23064 23602 24140 24678 25216 25754 26292 26830 27368 27906 28444 28982 29520 30058 30596 31134 31672 32210 32748 33286 33824 34362 34900 35438 35976 36514 37052 37590 38128 38666 39204 39742 40280 40818 41356 41894 42432 42970 43508 44046 44584 45122 45660 46198 46736 47274 47812 48350 48888 49426 49964 50502 51040 51578 52116 52654 53192 53730 54268 54806 55344 55882 56420 56958 57496 58034 58572 59110 59648
146
461 2957 5453 7949 10445 12941 15437 17933 20429 22925 25421 27917 30413 32909 35405 37901 40397 42893 45389 47885 50381 52877 55373 57869 60365 62861 65357 67853 70349 72845 75341 77837 80333 82829 85325 87821 90317 92813 95309 97805 100301 102797 105293 107789 110285 112781 115277 117773 120269 122765 125261 127757 130253 132749 135245 137741 140237 142733 145229 147725 150221 152717 155213 157709 160205 162701 165197 167693 170189 172685 175181 177677 180173 182669 185165 187661 190157 192653 195149 197645 200141 202637 205133 207629 210125 212621 215117 217613 220109 222605 225101 227597 230093 232589 988401 237581 240077 242573 245069 247565 250061 252557 255053 257549 260045 262541 265037 267533 270029 272525 275021 277517 280013 282509 285005 287501 289997 292493 294989 297485 299981 302477 304973 307469 309965 312461 314957 317453 319949 322445 324941 327437 329933 332429 334925 337421 339917 342413 344909 347405 349901 352397 354893 357389 359885 362381
156
991 1574 2157 2740 3323 3906 4489 5072 5655 6238 6821 7404 7987 8570 9153 9736 10319 10902 11485 12068 12651 13234 13817 14400 14983 15566 16149 16732 17315 17898 18481 19064 19647 20230 20813 21396 21979 22562 23145 23728 24311 24894 25477 26060 26643 27226 27809 28392 28975 29559 30141 30724 31307 31890 32473 33056 33639 34222 34805 35388 35971 36554 37137 37720 38303 38886 39469 40052 40635 41218 41801 42384 42967 43550 44133 44716 45299 45882 46465 47048 47631 48214 48797 49380 49963 50546 51129 51712 52295 52878 53461 54044 54627 55210 55793 56376 56959 57542 58125 58708 59291 59874 60457 61040 61623 62206 62789 63372 63955 64538 65121 65704 66287 66870 67453 68036 68619 69202 69785 70368 70951 71534 72117 72700 73283 73866 74449 75032 75615 76198 76781 77364 77947 78530 79113 79696 80279 80862 81445 82028 82611 83194 83777 84360 84943 85526 86109 86692 87275 87858 88441 89024 89607 90190 90773 91356
381
903 2141 3379 4617 5855 7093 8331 9569 10807 12045 13283 14521 15759 16997 18235 19473 20711 21949 23187 24425 25663 26901 28139 29377 30615 31853 33091 34329 35567 36805 38043 39281 40519 41757 42995 44233 45471 46709 47947 49185 50423 51661 52899 54137 55375 56613 57851 59089 60327 61565 62803 64041 65279 66517 67755 68993 70231 71469 72707 73945 75183 76421 77659 78897 80135 81373 82611 83849 85087 86325 87563 88801 90039 91277 92515 93753 94991 96229 97467 98705 99943 101181 102419 103657 104895 106133 107371 108609 109847 111085 112323 113561 114799 116037 117275 118513 119751 120989 122227 123465 124703 125941 127179 128417 129655 130893 132131 133369 134607 135845 137083 138321 139559 140797 142035 143273 144511 145749 146987 148225 149463 150701 151939 153177 154415 155653 156891 158129 159367 160605 161843 163081 164319 165557 166795 168033 169271 170509 171747 172985 174223 175461 176699 177937 179175 180413 181651 182889 184127 185365 186603 187841 189079 190317 191555 192793 194031 195269 196507 197745 198983 200221 201459 202697 203935 205173 206411 207649 208887 210125 211363 212601 213839 215077 216315 217553 218791 220029 221267 222505 223743 224981 226219 227457 228695 229933 231171 232409 233647 234885 236123 237361 238599 239837 241075 242313 243551 244789 246027 247265 248503 249741 250979 252217 253455 254693 255931 257169 258407 259645 260883 262121 263359 264597 265835 267073 268311 269549 270787 272025 273263 274501 275739 276977 278215 279453 280691 281929 283167 284405 285643 286881 288119 289357 290595 291833 293071 294309 295547 296785 298023 299261 300499 301737 302975 304213 305451 306689 307927 309165 310403 311641 312879 314117 315355 316593 317831 319069 320307 321545 322783 324021 325259 326497 327735 328973 330211 331449 332687 333925 335163 336401 337639 338877 340115 341353 342591 343829 345067 346305 347543 348781 350019 351257 352495 353733 354971 356209 357447 358685 359923 361161 362399 363637 364875 366113 367351 368589 369827 371065 953023 373541 374779 376017 377255 378493 379731 380969 382207 383445 384683 385921 387159 388397 389635 390873 392111 393349 394587 395825 397063 398301 399539 400777 402015 403253 404491 405729 406967 408205 409443 410681 411919 413157 414395 415633 416871 418109 419347 420585 421823 423061 424299 425537 426775 428013 429251 430489 431727 432965 434203 435441 436679 437917 439155 440393 441631 442869 444107 445345 446583 447821 449059 450297 451535 452773 454011 455249 456487 457725 458963 460201 461439 462677 463915 465153 466391 467629 468867 470105 471343
