5
1 3 6 7 9
5
17 22 27 32 37
5
298 247147 493996 740845 987694
5
964 84041 167118 250195 333272
12
164 19149 38134 844348 76104 95089 114074 133059 152044 171029 190014 208999
15
954 30978 61002 91026 121050 151074 181098 211122 241146 271170 301194 331218 361242 391266 421290
13
993 82380 163767 245154 326541 407928 489315 570702 652089 733476 814863 896250 977637
14
931 15367 29803 44239 58675 73111 87547 101983 116419 130855 145291 159727 174163 188599
10
265 106435 212605 318775 424945 531115 637285 743456 849625 955795
28
916 8381 15846 23311 30776 38241 515302 53171 60636 68101 75566 83031 90496 97961 105426 112891 120356 127821 135286 142751 150216 157681 165146 172611 180076 187541 195006 202471
37
937 20896 40855 60814 80773 100732 120691 140650 160609 180568 200527 220486 240445 260404 280363 300322 320281 340240 360199 380158 400117 420076 440035 459994 479953 499912 519871 539830 559789 579748 599707 619666 639626 659584 679543 699502 719461
6
508 83793 167078 250363 333648 416933
81
8 6900 13792 20684 27576 34468 41360 48252 55144 62036 68928 75820 82712 89604 96496 103388 110280 117172 124064 130956 137848 144740 151632 158524 165416 172308 179200 186092 192984 199876 206768 213660 220552 227444 234336 241228 248120 255012 261904 268796 275688 282580 289472 296364 303256 310148 317040 323932 330824 337716 344608 351500 358392 365284 372176 379068 385960 392852 399744 406636 413528 420420 427312 434204 441096 447988 454880 461772 468664 475556 482448 489340 496232 503124 510016 516908 523800 530692 537584 544476 551368
33
426447 80589 699212 177399 466154 154950 272666 184992 899008 214952 700293 425229 849888 936138 436784 845523 410676 958291 778811 432835 739416 391701 540339 14536 263077 635322 297244 38384 435262 541568 298146 378060 138508
21
810 6820 12830 18840 24850 30860 36870 42880 48890 54900 60910 66920 72930 78940 84950 90960 96970 102980 108990 115000 121010
21
313 4086 7859 11632 15405 19178 442018 26724 30497 34270 38043 41816 45589 49362 53135 56908 60681 64454 68227 72000 75773
34
325 9028 17731 26434 35137 43840 52543 61246 69949 78652 87355 96058 104761 113464 122167 130870 139573 148276 156979 165682 174385 183088 191791 200494 209197 217900 226603 235306 244009 252712 261415 270118 278821 287524
33
648 4608 8568 12528 16488 20448 24408 28368 32328 36288 40248 44208 48168 52128 56088 60048 64008 67968 71928 75888 79848 83808 87768 91728 95688 99648 103608 107568 111528 115489 119448 123408 127368
43
832 12970 25108 37246 49384 61522 73660 85798 97936 110074 122212 134350 146488 158626 170764 182902 195040 207178 219316 231454 243592 255730 267868 280006 292144 304282 316420 328558 340696 352834 364972 377110 389248 401386 413525 425662 437800 449938 462076 474214 486352 498490 510628
21
432 30746 61060 91374 121688 152002 182316 212630 242944 273258 303572 333886 364200 394514 424828 455142 485456 515770 546084 576398 604069
41
303 7113 13923 20733 27543 34353 41163 47973 54783 61593 68403 75213 82023 88833 95643 102453 109263 116073 122883 129693 136503 143313 150123 156933 163743 170553 177363 184173 190983 197793 204603 211413 218223 225033 231843 238653 245463 252273 259083 265893 272703
47
450 13874 27298 40722 54146 67570 80994 94418 107842 121266 134690 148114 161538 174962 188386 201810 215234 228658 242082 255506 268930 282354 295778 309202 322626 336050 349474 362898 376322 389746 403170 416594 430018 443442 456866 470290 483714 497138 76739 523986 537410 550834 564258 577682 591106 604530 617954
10
100000 200000 300000 400000 500000 600000 700000 800000 900000 1000000
28
660 25986 51312 76638 101964 127290 152616 177942 203268 228594 253920 279246 304572 329898 355224 380550 405876 431202 456528 481854 507180 532506 557832 583158 608484 633810 659136 684462
5
194 227255 454316 681377 908439
92
925 942 959 976 993 1010 1027 1044 1061 1078 1095 1112 1129 1146 1163 1180 1197 1214 1231 1248 1265 1282 1299 1316 1333 1350 1367 1384 1401 1418 1435 1452 1469 1486 1503 1520 1537 1554 1571 1588 1605 1622 1639 1656 1673 1690 1707 1724 1741 1758 1775 1792 1809 1826 1843 1860 1878 1894 1911 1928 1945 1962 1979 1996 2013 2030 2047 2064 2081 2098 2115 2132 2149 2166 2183 2200 2217 2234 2251 2268 2285 2302 2319 2336 2353 2370 2387 2404 2421 2438 2455 2472
26
619812 118113 158130 936743 441579 751221 199702 568938 213772 366980 762647 494970 661639 963462 651505 614566 918109 835050 39358 181321 480866 477580 51245 483366 100445 557941
78
963 5331 9699 14067 18435 22803 27171 31539 35907 40275 44643 49011 53380 57747 62115 66483 70851 75219 79587 83955 88323 92691 97059 101427 105795 110163 114531 118899 123267 127635 132003 136371 140739 145107 149475 153843 158211 162579 166947 171315 175683 180051 184419 188787 193155 197523 201891 206259 210627 214995 219363 223731 228099 232467 236835 241203 245571 249939 254307 258675 263043 267411 271779 276147 280515 284883 289251 293619 297987 302355 306723 311091 315459 319827 324195 328563 332931 337299
8
478489 609970 312352 208612 493301 74998 703581 154939
85
437 9592 18747 27902 37057 46212 55367 64522 73677 82832 91987 101142 110297 119452 128607 137762 146917 156072 165227 174382 183537 192692 201847 211002 220157 229312 238467 247622 256777 265932 275087 284242 293397 302552 311707 320862 330017 339172 348327 357482 366637 375792 384947 394102 403257 412412 421567 430722 439877 449032 458187 467342 476497 485652 494807 503962 513117 522272 531427 540582 549737 558892 568047 577202 586357 595512 604667 613822 622977 632132 641287 650442 659597 668752 677907 687062 696217 705372 714527 723682 732837 741992 751147 760302 769457
45
240 16227 32214 48201 64188 80175 96162 112149 128136 144123 160110 176097 192084 208071 224058 240045 256032 272019 288006 303993 319980 335967 351954 367941 383928 399915 415902 431889 447876 463863 479850 495837 511824 527811 543798 559785 575772 591759 607746 623733 639720 655707 671694 687681 703668
63
117139 801501 17690 590665 103337 744958 933 846752 739798 127254 159103 948409 620555 750453 168341 775493 305264 39777 61349 778183 262614 386562 948774 966317 705707 170610 669736 641647 466739 803865 90198 100229 121717 624240 690893 225054 369197 691825 588157 625347 335431 747259 573755 955985 497711 258448 731477 319326 814576 309178 97508 77190 695739 562634 559858 917797 733243 745945 559444 716333 549809 165993 816562
34
232 946 1660 2374 3088 3802 4516 5230 5944 6658 7372 8086 8800 9514 10228 10942 11656 12370 13084 13798 14512 15226 15940 16654 17368 18082 18796 19510 20224 20938 21652 22366 23080 23794
112
87 2799 5511 8223 10935 13647 16359 19071 21783 24495 27207 29919 32631 35343 38055 40767 43479 46191 48903 51615 54327 57039 59751 62463 65175 67887 70599 73311 76023 78735 81447 84159 86871 89583 92295 95007 97719 100431 103143 105855 108567 111279 113991 116703 119415 122127 124839 127551 130263 132975 135687 138399 141111 143823 146535 149247 151959 154671 157383 160095 162807 165519 168231 170943 173655 176367 179079 181791 184504 187215 189927 192639 195351 198063 200775 203487 206199 208911 211623 214335 217047 219759 222471 225183 227895 230607 233319 236031 238743 241455 244167 246879 249591 252303 255015 257727 260439 263151 265863 268575 271287 273999 276711 279423 282135 284847 287559 290271 292983 295695 298407 301119
49
397 6196 11995 17794 23593 29392 35191 40990 46789 52588 58387 64186 598085 75784 81583 87382 93181 98980 104779 110578 116377 122176 127975 133774 139573 145372 151171 156970 162769 168568 174367 180166 185965 191764 197563 203362 209161 214960 220759 226558 232357 238156 243955 249754 255553 261352 267151 272950 278749
37
754 6620 12486 18352 24218 30084 35950 41816 47682 53548 59414 65280 71146 77012 82878 88744 94610 100476 106342 112208 118074 123940 129806 135672 141538 147404 153270 159136 165002 170868 176734 182600 188466 194332 774578 206064 211930
118
641 842 1043 1244 1445 1646 1847 2048 2249 2450 2651 2852 3053 3254 3455 3656 3857 4058 4259 4460 4661 4862 5063 5264 5465 5666 5867 6068 6269 6470 6671 6872 7073 7274 7475 7676 7877 8078 8279 8480 8681 8882 9083 9284 9485 9686 9887 10088 10289 10490 10691 10892 11093 11294 11495 11696 11897 12098 12299 12500 12701 12902 13103 13304 13505 13706 13907 14108 14309 14510 14711 14912 15113 15314 15515 15716 15917 16118 16319 16520 16721 16922 17123 17324 17525 17726 17927 18128 18329 18530 18731 18932 19133 19334 19535 19736 19937 20138 20339 20540 20741 20942 21143 21344 21545 21746 21947 22148 22349 22550 22751 22952 23153 23354 23555 23756 23957 24158
53
111 18732 37353 55974 74595 93216 111837 130458 149079 167700 186321 204942 223563 242184 260805 279426 298047 316668 335289 353910 372531 391152 409773 428394 447015 465636 484258 502878 521499 540120 558741 577362 595983 614604 633225 651846 670467 689088 707709 726330 744951 763572 782193 800814 819435 838056 856677 875298 893919 912540 931161 949782 968403
116
575 1120 1665 2210 2755 3300 3845 4390 4935 5480 6025 6570 7115 7660 8205 8750 9295 9840 10385 10930 11475 12020 12565 13110 13655 14200 14745 15290 15835 16380 16925 17470 18015 18560 19105 19650 20195 20740 21285 21830 22375 22920 23465 24010 24555 25100 25645 26190 26735 27280 27825 28370 28915 29460 30005 30550 31095 31640 32185 32730 33275 33820 34365 34910 35455 36000 36545 37090 37635 38180 38725 39270 39815 40360 40905 41450 41995 42540 43085 43630 44175 44720 45265 45810 46355 46900 47445 47990 48535 49080 49625 50170 50715 51260 51805 52350 580708 53440 53985 54530 55075 55620 56165 56710 57255 57800 58345 58890 59435 59980 60525 61070 61615 62160 62705 63250
12
969 77735 154501 231267 308033 384799 461565 538331 615097 691863 768629 845395
16
886 50179 99472 148765 198058 247351 296644 345937 395230 444523 493816 543109 592402 641695 690988 740281
11
544 91788 183032 274276 365520 456764 548008 639252 730496 821740 912984
155
532 5500 10468 15436 20404 25372 30340 35308 40276 45244 50212 55180 60148 65116 70084 75052 80020 84988 89956 94924 99892 104860 109828 114796 119764 124732 129700 134668 139636 144604 149572 154540 159508 164476 169444 174412 179380 184348 189316 194284 199252 204220 209188 214156 219124 224092 229060 234028 238996 243964 248932 253900 258868 263836 268804 273772 278740 283708 288676 293645 298612 303580 308548 313516 318484 323452 328420 333388 338356 343324 348292 353260 358228 363196 368164 373132 378100 383068 388036 393004 397972 402940 407908 412876 417844 422812 427780 432748 437716 442684 447652 452620 457588 462556 467524 472492 477460 482428 487396 492364 497332 502300 507268 512236 517204 522172 527140 532108 537076 542044 547012 551980 556948 561916 566884 571852 576820 581788 586756 591724 596692 601660 606628 611596 616564 621532 626500 631468 636436 641404 646372 651340 656308 661276 666244 671212 676180 681148 686116 691084 696052 701020 705988 710956 715924 720892 725860 730828 735796 740764 745732 750700 755668 760636 765604
112
58 1496 2934 4372 5810 7248 8686 10124 11562 13000 14438 15876 17314 18752 20190 21628 23066 24504 25942 27380 28818 30256 31694 33132 34570 36008 37446 38884 40322 41760 43198 44636 46074 47512 48950 50388 51826 53264 54702 56140 57578 59016 60454 61892 63330 64768 66206 67644 69082 70520 71958 73396 74834 76272 77710 79148 80586 82024 83462 84900 86338 87776 89214 90652 92090 93528 94966 96404 97842 99280 100718 102156 103594 105032 106470 107908 109346 110784 112222 113660 115098 116536 117974 119412 120850 122288 123726 125164 434759 128040 129478 130916 132354 133792 135230 136668 138106 139544 140982 142420 143858 145296 146734 148172 149610 151048 152486 153924 155362 156800 158238 159676
134
666 7442 14218 20994 27770 34546 41322 48098 54874 61650 68426 75202 81978 88754 95530 102306 109082 115858 122634 129410 136186 142962 149738 156514 163290 170066 176842 183618 190394 197170 203946 210722 217498 224274 231050 237826 244602 251378 258154 264930 271706 278482 285258 292034 298810 305586 312362 319138 325914 332690 339466 346242 353018 359794 366570 373346 380122 386898 393674 400450 407226 414002 420778 427554 434330 441106 447883 454658 461434 468210 474986 481762 488538 495314 502090 508866 515642 522418 529194 535970 542746 549522 556298 563074 569850 576626 583402 590178 596954 603730 610506 617282 624058 630834 637610 644386 651162 657938 664714 671490 678266 685042 691818 698594 705370 712146 718922 725698 732474 739250 746026 752802 759578 766354 773130 779906 786682 793458 800234 807010 813786 820562 827338 834114 840890 847666 854442 861218 867994 874770 881546 888322 895098 901874
41
369 13587 26805 40023 53241 66459 79677 92895 106113 119331 132549 145767 158985 172203 185421 198639 211857 225076 238293 251511 264729 277947 291165 304383 317601 330819 344037 357255 370473 383691 396909 410127 423345 436563 449781 462999 476217 489435 502653 515871 529089
130
263 1762 3261 4760 6259 7758 9257 10756 12255 13754 15253 16752 18251 19750 21249 22748 24247 25746 27245 28744 30243 31742 33241 34740 36239 37738 39237 40736 42235 43734 45233 46732 48231 49730 51229 52728 54227 55726 57225 58724 60223 61722 63221 64720 66219 67718 69217 70716 72215 73714 75213 76712 78211 79710 81209 82708 84207 85706 87205 88704 90203 91702 93201 94700 96199 97698 99197 100696 102195 103694 105193 106692 108191 109690 111189 112688 114187 115686 117185 118684 120183 121682 123181 124680 126179 127678 129177 130676 132175 133674 135173 136672 138171 139670 141169 142668 144167 145666 147165 148664 150163 47129 153161 154660 156159 157658 159157 160656 162155 163654 165153 166652 168151 169650 171149 172648 174147 175646 177145 178644 180143 181642 183141 184640 186139 187638 189137 190636 192135 193634
74
452 3089 5726 8363 11000 13637 16274 18911 21548 24185 26822 29459 32096 34733 37370 40007 42644 45281 47918 50555 53192 55829 58466 61103 63740 66377 69014 71651 74288 76925 79562 82199 84836 87473 90110 92747 95384 98021 100658 103295 105932 108569 111206 581902 116480 119117 121754 124391 127028 129665 132302 134939 137576 140213 142850 145487 148124 150761 153398 156035 158672 161309 163946 166583 169220 171857 174494 177131 179768 182405 185042 187679 190316 192953
26
749 31647 62545 93443 124341 155239 186137 217035 247933 278831 309729 340627 371525 402423 433321 464219 495117 526015 556913 587811 618709 649607 680505 711403 742301 773199
11
668 88156 175644 263132 350620 438108 525596 613084 700572 788060 875548
27
627 30662 60697 90732 120767 150802 180837 210872 240907 270942 300977 331012 361047 391082 421117 451152 481187 511222 541257 571292 601327 631362 661397 691432 721467 751502 781538
166
422 2349 4276 6203 8130 10057 11984 13911 15838 17765 19692 21619 23546 25473 27400 29327 31254 33181 35108 37035 38962 40889 42816 44743 46670 48597 50524 52451 54378 56305 58232 60159 62086 64013 65940 67867 69794 71721 73648 75575 77502 79429 81356 83283 85210 87137 89064 90991 92918 94845 96772 98699 100626 102553 104480 106407 108334 110261 112188 114115 116042 117969 119896 121823 123750 125677 127604 129531 131458 133385 135312 137239 139166 141093 143020 144947 146874 148801 150728 152655 154582 156509 158436 160363 162290 164217 166144 168071 169998 171925 173852 175779 177706 179633 181560 183487 185414 187341 189268 191195 193122 195049 196976 198903 200830 202757 204684 206611 208538 210465 212392 214319 216246 218173 220100 222027 223954 225881 227808 229735 231662 233589 235516 237443 239370 241297 243224 245151 247078 249005 250932 252859 254786 256713 258640 260567 262494 264421 266348 268275 270202 272129 274056 275983 277910 279837 281764 283691 285618 287545 289472 291399 293326 295253 297180 299107 301034 302961 304888 306815 308742 310669 312596 314523 316450 318377
97
445 8453 16461 24469 32477 40485 48493 56501 64509 72517 80525 88533 96541 104549 112557 120565 128573 136581 144589 152597 160605 168613 176621 184629 192637 200645 208653 216661 224669 232677 240685 248693 256701 264709 272717 280725 288733 296741 304749 312757 320765 328773 336781 344789 352797 360805 368813 376821 384829 392837 400845 408853 416861 424869 432877 440885 448893 456901 464909 472917 480925 488933 496941 504949 512957 520965 528973 536981 544989 552997 561005 569013 577021 585029 593037 601045 609053 617061 625069 633077 641085 649093 657101 665109 673117 681125 689133 697141 705149 713157 721165 729173 737181 745189 753197 761205 769213
200
284197 143301 569601 57417 48052 921758 990383 48719 313663 874460 758878 292233 660438 56788 954527 632939 839066 145948 951465 74780 507012 6957 20576 276316 621909 13500 937109 709312 715795 198157 316164 999991 341457 402116 573759 905860 840225 80493 954579 153887 954952 229808 962471 131741 286595 916997 764679 125660 62944 232495 200439 86307 755804 737367 878975 377712 750866 816083 603375 466660 14239 435890 983002 872048 838005 556760 777907 678229 637253 248837 348467 108556 478644 827289 240297 281590 744285 4975 923601 323580 753822 640392 409887 509625 377758 805213 887336 128623 621295 490710 111635 151885 926599 610988 23932 280955 167748 318191 475535 321352 83379 340353 429907 562023 167641 186555 359964 911925 191530 283565 751856 945351 923956 678094 454975 301713 483306 858662 946687 104600 865723 58321 256485 308673 185661 796768 589627 353408 631310 581513 191111 714689 921865 621017 793063 89505 807572 153026 517781 515453 952942 269636 977155 876897 464082 948481 694961 947387 323494 641648 568339 189216 216320 341175 497888 401980 654294 603866 271739 285604 185378 462849 516644 623594 83866 309706 713098 407789 979083 747230 923241 932025 533217 416747 325273 997298 365227 20234 944685 688720 661881 513023 394287 878200 854197 408526 796532 24842 528743 68270 310445 230472 531119 827088 854065 614984 653145 83514 539124 148580
162
922228 361257 760688 942461 822293 965759 120693 851667 876397 998893 222215 284922 311776 247056 813664 380045 557501 44135 911163 900940 414551 42498 70437 498064 581621 219016 845158 560336 815971 209116 955797 254550 86724 232836 197011 909016 714946 317703 277034 591342 832947 499248 876263 144722 746304 206278 41119 820156 766764 952281 721095 181314 511131 307883 195729 609103 43250 40886 685791 375572 766354 157939 630122 853077 390775 343484 278445 622072 661186 555478 213414 10485 54726 606028 155206 317381 328658 712676 137536 95421 664957 374982 276735 692439 682865 988815 301541 242466 29701 987331 618038 796054 145270 764511 165482 52396 107994 960278 674467 769179 515756 404232 779663 86833 526612 451221 920565 855269 163896 58100 467041 345204 433081 743775 553994 632297 248942 855535 874763 278642 359217 9152 591047 20838 773662 756528 73233 881655 716806 264052 167185 748913 184635 463200 352097 227598 914420 272661 82866 594667 847112 549907 456223 796544 810033 10216 428841 58974 382102 819955 853967 257671 829106 445013 278508 119119 717893 868093 773 951050 132144 167957
155
130 4227 8324 12421 16518 20615 24712 28809 32906 37003 41100 45197 49294 53391 57488 61585 65682 69779 73876 77973 82070 86167 90264 94361 98458 102555 106652 110749 114846 118943 123040 127137 131234 135331 139428 143525 147622 151719 155816 159913 164010 168107 172204 176301 180398 184495 188592 192689 196786 200883 204980 209077 213174 217271 221368 225465 229562 233659 237756 241853 245950 250047 254144 258241 262338 266435 270532 274629 278726 282823 286920 291017 295114 299211 303308 307405 311502 315599 319696 323793 327890 331987 336084 340181 344278 348375 352472 356569 360666 364763 368860 372957 377054 381151 385248 389345 393442 397539 401636 405733 409830 413927 418024 422121 426218 430315 434412 438509 442606 446703 450800 454897 458994 463091 467188 471285 475382 479479 483576 487673 491770 495867 499964 504061 508158 512255 516352 520449 524546 528643 532740 536837 540934 545031 549128 553225 557322 561419 565516 569613 573710 577807 581904 586001 590098 594195 598292 602389 606486 610583 614680 618777 622874 626971 631068
203
422 3686 6950 10214 13478 16742 20006 23270 26534 29798 33062 36326 39590 42854 46118 49382 52646 55910 59174 62438 65702 68966 72230 75494 78758 82022 85286 88550 91814 95078 98342 101606 104870 108134 111398 114662 117926 121190 124454 127718 130982 134246 137510 140774 144038 147302 150566 153830 157094 160358 163622 166886 170150 173414 176678 179942 183206 186470 189734 192998 196262 199526 202790 206054 209318 212582 215846 219110 222374 225638 228902 232166 235430 238694 241958 245222 248486 251750 255014 258278 261542 264806 268070 271334 274598 277862 281126 284390 287654 290918 294182 297446 300710 303974 307238 310502 313766 317030 320294 323558 326822 330086 333350 336614 339878 343142 346406 349670 352934 356198 359462 362726 365990 369254 372518 375782 379046 382310 385574 388838 392102 395366 398630 401894 405158 408422 411686 414950 418214 421478 424742 428006 431270 434534 437798 441062 444326 447590 450854 454118 457382 460646 463910 467174 470438 473702 476966 480230 483494 486758 490022 493286 496550 499814 503078 506342 509606 512870 516134 519398 522662 525926 529190 532454 535718 538982 542246 545510 548774 552038 555302 558566 561830 565094 568358 571622 574886 578150 581414 584678 587942 591206 594470 597734 600998 604262 607526 610790 614054 617318 620582 623846 627110 630374 633638 636902 640166 643430 646694 649958 653222 656486 659750
109
520 525 530 535 540 545 550 555 560 565 570 575 580 585 590 595 600 605 610 615 620 625 630 635 640 645 650 655 660 665 670 675 680 685 690 695 700 705 710 715 720 725 730 735 740 745 750 755 760 765 770 775 780 785 790 796 800 805 810 815 820 825 830 835 840 845 850 855 860 865 870 875 880 885 890 895 900 905 910 915 920 925 930 935 940 945 950 955 960 965 970 975 980 985 990 995 1000 1005 1010 1015 1020 1025 1030 1035 1040 1045 1050 1055 1060
222
561 803 1045 1287 1529 1771 2013 2255 2497 2739 2981 3223 3465 3707 3949 4191 4433 4675 4917 5159 5401 5643 5885 6127 6369 6611 6853 7095 7337 7579 7821 8063 8305 8547 8789 9031 9273 9515 9757 9999 10241 10483 10725 10967 11209 11451 11693 11935 12177 12419 12661 12903 13145 13387 13629 13871 14113 14355 14597 14839 15081 15323 15565 15807 16049 16291 16533 16775 17017 17259 17501 17743 17985 18227 18469 18711 18953 19195 19437 19679 19921 20163 20405 20647 20889 21131 21373 21615 21857 22099 22341 22583 22825 23067 23309 23551 23793 24035 24277 24519 24761 25003 25245 25487 25729 25971 26213 26455 26697 26939 27181 27423 27665 27907 28149 28391 28633 28875 29117 29359 29601 29843 30085 30327 30569 30811 31053 31295 31537 31779 32021 32263 32505 32747 32989 33231 33473 33715 33957 34199 34441 311859 34925 35167 35409 35651 35893 36135 36377 36619 36861 37103 37345 37587 37829 38071 38313 38555 38797 39039 39281 39523 39765 40007 40249 40491 40733 40975 41217 41459 41701 41943 42185 42427 42669 42911 43153 43395 43637 43879 44121 44363 44605 44847 45089 45331 45573 45815 46057 46299 46541 46783 47025 47267 47509 47751 47993 48235 48477 48719 48961 49203 49445 49687 49929 50171 50413 50655 50897 51139 51381 51623 51865 52107 52349 52591 52833 53075 53317 53559 53801 54043
214
244 3014 5784 8554 11324 14094 16864 19634 22404 25174 27944 30714 33484 36254 39024 41794 44564 47334 50104 52874 55644 58414 61184 63954 66724 69494 72264 75034 77804 80574 83344 86114 88884 91654 94424 97194 99964 102734 105504 108274 111044 113814 116584 119354 122124 124894 127664 130434 133204 135974 138744 141514 144284 147054 149824 152594 155364 158134 160904 163674 166444 169214 171984 174754 177524 180294 183064 185834 188604 191374 194144 196914 199684 202454 205224 207994 210764 213534 216304 219074 221844 224614 227384 230154 232924 235694 238464 241234 244004 246774 249544 252314 255084 257854 260624 263394 266164 268934 271704 274474 277244 280014 282784 285554 288324 291094 293864 296634 299404 302174 304944 307714 310484 313254 316024 318794 321564 324334 327104 329874 332644 335414 338184 340954 343724 346494 349264 352034 354804 357574 360344 363114 365884 368654 371424 374194 376964 379734 382504 385274 388044 390814 393584 396354 399124 401894 404664 407434 410204 412974 415744 418514 421284 424054 426824 429594 432364 435134 437904 440674 443444 446214 448984 451754 454524 457294 460064 462834 465604 468374 471144 473914 476684 479454 482224 484994 487764 974810 493304 496074 498844 501614 504384 507154 509924 512694 515464 518234 521004 523774 526544 529314 532084 534854 537624 540394 543164 545934 548704 551474 554244 557014 559784 562554 565324 568094 570864 573634 576404 579174 581944 584714 587484 590254
226
537 1009 1481 1953 2425 2897 3369 3841 4313 4785 5257 5729 6201 6673 7145 7617 8089 8561 9033 9505 9977 10449 10921 11393 11865 12337 12809 13281 13753 14225 14697 15169 15641 16113 16585 17057 17529 18001 18473 18945 19417 19889 20361 20833 21305 21777 22249 22721 23193 23665 24137 24609 25081 25553 26025 26497 26969 27441 27913 28385 28857 29329 29801 30273 30745 31217 31689 32161 32633 33105 33577 34049 34521 34993 35465 35937 36409 36881 37353 37825 38297 38769 39241 39713 40185 40657 41129 41601 42073 42545 43017 43489 43961 44433 44905 45377 45849 46321 46793 47265 47737 48209 48681 49153 49625 50097 50569 51041 51513 51985 52457 52929 53401 53873 54345 54818 55289 55761 56233 56705 57177 57649 58121 58593 59065 59537 60009 60481 60953 61425 61897 62369 62841 63313 63785 64257 64729 65201 65673 66145 66617 67089 67561 68033 68505 68977 69449 69921 70393 70865 71337 71809 72281 72753 73225 73697 74169 74641 75113 75585 76057 76529 77001 77473 77945 78417 78889 79361 79833 80305 80777 81249 81721 82193 82665 83137 83609 84081 84553 85025 85497 85969 86441 86913 87385 87857 88329 88801 89273 89745 90217 90689 91161 91633 92105 92577 93049 93521 93993 94465 94937 95409 95881 96353 96825 97297 97769 98241 98713 99185 99657 100129 100601 101073 101545 102017 102489 102961 103433 103905 104377 104849 105321 105793 106265 106737
57
287032 693458 814609 7916 419661 960128 525344 472248 632214 471611 100160 202754 754185 98391 514612 865863 541635 621330 96660 219122 596139 844580 847659 219444 276809 692508 192230 340194 138471 225743 981857 425502 919200 312817 949770 855212 789296 475113 843811 937861 946723 943971 140615 700907 558713 171578 83122 100347 309259 696133 319469 905398 540712 167127 641193 333873 375986
212
66 2503 4940 7377 9814 12251 14688 17125 19562 21999 24436 26873 29310 31747 34184 36621 39058 41495 43932 46369 48806 51243 53680 56117 58554 60991 63428 65865 68302 70739 73176 75613 78050 80487 82924 85361 87798 90235 92672 95109 97546 99983 102420 104857 107294 109731 112168 114605 117042 119479 121916 124353 126790 129227 131664 134101 136538 138975 141412 143849 146286 148723 151160 153597 156034 158471 160908 163345 165782 168219 170656 173093 175530 177967 180404 182841 185278 187715 190152 192589 195026 197463 199900 202337 204774 207211 209648 212085 214522 216959 219396 221833 224270 226707 229144 231581 234018 236455 238892 241329 243766 246203 248640 251077 253514 255951 258388 260825 263262 265699 268136 270573 273010 275447 277884 280321 282758 285195 287632 290069 292506 294943 297380 299817 302254 304691 307128 309565 312002 314439 316876 319313 321750 324187 326624 329061 331498 333935 336372 338809 341246 343683 346120 348557 350994 353431 355868 358305 360742 363179 365616 368053 370490 372927 375364 377801 380238 382675 385112 387549 389986 392423 394860 397297 399734 402171 404608 407045 409482 411919 414356 416793 419230 421667 424104 426541 428978 431415 433852 436289 438726 441163 443600 446037 448474 450911 453348 455785 458222 460659 463096 465533 467970 470407 472844 475281 477718 480155 482592 485029 487466 489903 492340 494777 497214 499651 502088 504525 506962 509399 511836 514273
199
790737 397543 226441 728597 860617 686763 869211 77876 245476 40789 160997 345822 866399 857129 181642 771796 914192 865120 929340 248064 757458 279113 438481 788265 854628 610754 244574 382047 128547 167004 764677 919283 80898 991117 647880 941515 677880 33442 19390 439707 590582 180386 301880 456981 37514 483522 745128 468057 348641 674468 716121 106098 469932 154601 894363 840912 281707 655288 222958 410253 338644 503986 845888 419541 495102 493767 361055 689333 43560 896796 129039 634142 77181 430919 607474 631046 430792 352601 99103 779432 543420 331575 401882 529704 2527 812596 370615 284233 984235 109924 210838 322878 613909 56725 742419 625362 66843 619825 314695 626754 516621 960085 777247 110153 907355 384720 741199 338146 737321 356653 633930 797092 688227 552163 326795 207105 364758 213761 491338 348992 840036 218527 188222 453944 791603 446992 595658 374797 66816 426704 1550 99788 386788 778797 209941 810495 163516 467491 664992 417188 824143 298921 730632 28721 367435 57426 235825 248544 787539 243514 597536 627574 978392 302109 597870 769994 749100 193527 144790 815915 620230 146340 915703 523369 441488 641995 333863 605003 109485 998855 538543 449979 814127 269174 478699 181562 842951 230875 430105 630489 990741 543992 774415 969132 846100 372284 739126 595199 82162 400267 927466 702391 62958 359520 225759 504445 1514 75974 109448
87
180 2088 3996 5904 7812 9720 11628 13536 15444 17352 19260 21168 23076 24984 26892 28800 30708 32616 34524 36432 38340 40248 42156 44064 45972 47880 49788 51696 53604 55512 57420 59328 61236 63144 65052 66960 68868 70776 72684 74592 76500 78408 80316 82224 84132 86040 87948 89856 91764 93672 95580 97488 99396 101304 103212 105120 107028 108936 110844 112752 114660 116568 118476 120384 122292 124200 126108 128016 129924 131832 133740 135648 137556 139464 141372 143280 145188 147096 149004 150912 152820 154728 156636 158544 160452 162360 164268
41
26 2605 5184 7763 10342 12921 15500 18079 20658 23237 25816 28395 30974 33553 36132 38711 41290 43869 46448 49027 51606 54185 56764 59343 61922 64501 67080 69659 72238 74817 77396 79975 82554 85133 87712 90291 92870 95449 98028 100607 103186
135
306 2497 4688 6879 9070 11261 13452 15643 17834 20025 22216 24407 26598 28789 30980 33171 35362 37553 39744 41935 44126 46317 48508 50699 52890 55081 57272 59463 61654 63845 66036 68227 70418 72609 74800 76991 79182 81373 83564 85755 87946 90137 92328 94519 96710 98901 101092 103283 105474 107665 109856 112047 114238 116429 118620 120811 123002 125193 127384 129575 131766 133957 136148 138339 140530 142721 144912 147103 149294 151485 153676 155867 158058 160249 162440 164631 166822 169013 171204 173395 175586 177777 179968 182159 184350 186541 188732 190923 193114 195305 197496 199687 201878 204069 206260 208451 210642 263124 215024 217215 219406 221597 223788 225979 228170 230361 232552 234743 236934 239125 241316 243507 245698 247889 250080 252271 254462 256653 258844 261035 263226 265417 267608 269799 271990 274181 276372 278563 280754 282945 285136 287327 289518 291709 293900
138
355 4137 7919 11701 15483 918867 23047 26829 30611 34393 38175 41957 45739 49521 53303 57085 60867 64649 68431 72213 75995 79777 83559 87341 91123 94905 98687 102469 106251 110033 113815 117597 121379 125161 128943 132725 136507 140289 144071 147853 151635 155417 159199 162981 166763 170545 174327 178109 181891 185673 189455 193237 197019 200801 204583 208365 212147 215929 219711 223493 227275 231057 234839 238621 242403 246185 249967 253749 257531 261313 265095 268877 272659 276441 280223 284005 287787 291569 295351 299133 302915 306697 310479 314261 318043 321825 325607 329389 333171 336953 340735 344517 348299 352081 355863 359645 363427 367209 370991 374773 378555 382337 386119 389901 393683 397465 401247 405029 408811 412593 416375 420157 423939 427721 431503 435285 439067 442849 446631 450413 454195 457977 461759 465541 469323 473105 476887 480669 484451 488233 492015 495797 499579 503361 507143 510925 514707 518489
21
258 49336 98414 147492 196570 245648 294726 343804 392882 441960 491038 540116 589194 638272 687350 736428 785506 834584 883662 932740 981818
45
166 4829 9492 14155 18818 23481 28144 32807 37470 42133 46796 51459 56122 60785 65448 70111 74774 79437 84100 88763 93426 98089 102752 107415 112078 116741 121404 126067 130730 135393 140056 144719 149382 154045 158708 163371 168034 172697 177360 182023 186686 191349 196012 200675 205338
86
761 1467 2173 2879 3585 4291 4997 5703 6409 7115 7821 8527 9233 9939 10645 11351 12057 12763 13469 14175 14882 15587 16293 16999 17705 18411 19117 19823 20529 21235 21941 22647 23353 24059 24765 25471 26177 26883 27589 28295 29001 29707 30413 31119 31825 32531 33237 33943 34649 35355 36061 36767 37473 38179 38885 39591 40297 41003 41709 42415 43121 43827 44533 45239 45945 46651 47357 48063 48769 49475 50181 50887 51593 52299 53005 53711 54417 55123 55829 56535 57241 57947 58653 59359 60065 60771
274
396 464 532 600 668 736 804 872 940 1008 1076 1144 1212 1280 1348 1416 1484 1552 1620 1688 1756 1824 1892 1960 2028 2096 2164 2232 2300 2368 2436 2504 2572 2640 2708 2776 2844 2912 2980 3048 3116 3184 3252 3320 3388 3456 3524 3592 3660 3728 3796 3864 3932 4000 4068 4136 4204 4272 4340 4408 4476 4544 4612 4680 4748 4816 4884 4952 5020 5088 5156 5224 5292 5360 5428 5496 5564 5632 5700 5768 5836 5904 5972 6040 6108 6176 6244 6312 6380 6448 6516 6584 6652 6720 6788 6856 6924 6992 7060 7128 7196 7264 7332 7400 7468 7536 7604 7672 7740 7808 7876 7944 8012 8080 8148 8216 8284 8352 8420 8488 8556 8624 8692 8760 8828 8896 8964 9032 9100 9168 9236 9304 9372 9440 9508 9576 9644 9712 9780 9848 9916 9984 10052 10120 10188 10256 10324 10392 10460 10528 10596 10664 10732 10800 10868 10936 11004 11072 11140 11208 11276 11344 11412 11480 11548 11616 11684 11752 11820 11888 11956 12024 12092 12160 12228 12296 12364 12432 12500 12568 12636 12704 12772 12840 12908 12976 13044 13112 13180 13248 13316 13384 13452 13520 13588 13656 13724 13792 13860 13928 13996 14064 14132 14200 14268 14336 14404 14472 14540 14608 14676 14744 14812 14880 14948 15016 15084 15152 15220 15288 15356 15424 15492 15560 15628 15696 15764 15832 15900 15968 16036 16104 16172 16240 16308 16376 16444 16512 16580 16648 16716 16784 16852 16920 16988 17056 17124 17192 17260 17328 17396 17464 17532 17600 17668 17736 17804 17872 17940 18008 18076 18144 18212 18280 18348 18416 18484 18552 18620 18688 18756 18824 18892 18960
75
462 6736 13010 19284 25558 31832 38106 44380 50654 56928 63202 69476 75750 82024 88298 94572 100846 107120 113394 119668 125942 132216 138490 144764 151038 157312 163586 169860 176134 182408 188682 194956 201230 207504 213778 220052 226326 232600 238874 245148 251422 257696 263970 270244 276518 282792 289066 295340 301614 307888 314162 320436 326710 332984 339258 345532 351806 358080 364354 370628 376902 383176 389450 395724 401998 408272 414546 420820 427094 433368 439642 445916 452190 458464 464738
185
463756 967306 347650 961932 321958 477017 964552 194476 198710 592972 177990 995229 902084 238832 229758 128359 372050 51154 663802 808520 438576 622550 55334 419665 811721 565270 840520 87246 110159 329044 531286 90266 812701 878935 568549 651010 872303 49452 845485 71012 158775 539827 582593 60859 778658 812350 705569 150707 379855 369370 475579 818431 508271 530912 238095 836343 612533 594967 923588 722691 924010 971225 329308 253062 366511 897856 904071 238813 947308 265908 309825 106082 805734 892417 166940 584391 221118 872508 251449 600973 758229 243379 935755 782851 290642 690201 619193 903175 285167 542780 142217 725528 514004 471525 978589 396866 369380 399012 635679 833039 181271 461855 939121 987004 870623 622412 87746 91740 494920 855546 209064 769500 98925 661170 552351 389566 351371 687895 292740 636537 230675 951309 878417 261030 422833 373357 174248 308564 772368 809926 141603 953638 788132 80723 456993 658754 703134 544738 266845 714405 916636 475909 257 15560 653430 552607 921477 4800 756853 730569 157689 987527 681877 36105 764909 621061 409461 939156 929624 698181 265433 71226 168170 53564 668300 625163 228669 887786 686252 495513 602190 602887 487773 602446 134798 141203 671404 572627 662354 428257 303195 820042 932135 985071 372498
256
131 3196 6261 9326 12391 15456 18521 21586 24651 27716 30781 33846 36911 39976 43041 46106 49171 52236 55301 58366 61431 64496 67561 70626 73691 76756 79821 82886 85951 89016 92081 95146 98211 101276 104341 107406 110471 113536 116601 119666 122731 125796 128861 131926 134991 138056 141121 144186 147251 150316 153381 156446 159511 162576 165641 168706 171771 174836 177901 180966 184031 187096 190161 193226 196291 199356 202421 205486 208551 211616 214681 217746 220811 223876 226941 230006 233071 236136 239201 242266 245331 248396 251461 254526 257591 260656 263721 266786 269851 272916 275981 279046 282111 285176 288241 291306 294371 297436 300501 303566 306631 309696 312761 315826 318891 321956 325021 328086 331151 334216 337281 340346 343411 346476 349541 352606 355671 358736 361801 364866 367931 370996 374061 377126 380191 383256 386321 389386 392451 395516 398581 401646 404711 407776 410841 413906 416971 420036 423101 426166 429231 432296 435361 438426 441491 444556 447621 450686 453751 456816 459881 462946 466011 469076 472141 475206 478271 481336 484401 487466 490531 493596 496661 499726 502791 505856 508921 511986 515051 518116 521181 524246 527311 530376 533441 536506 539571 542636 545701 548766 551831 554896 557961 561026 564091 567156 570221 573286 576351 579416 582481 585546 588611 591676 594741 597806 600871 603936 607001 610066 613131 616196 619261 622326 625391 628456 631521 634586 637651 640716 643781 646846 649911 652976 656041 659106 662171 665236 668301 671366 674431 677496 680561 683626 686691 689756 692821 695886 698951 702016 705081 708146 711211 714276 717341 720406 723471 726536 729601 732666 735731 738796 741861 744926 747991 751056 754121 757186 760251 763316 766381 996491 772511 775576 778641 781706
158
332 1378 2424 3470 4516 5562 6608 7654 8700 9746 10792 11838 12884 13930 14976 16022 17068 18114 19160 20206 21252 22298 23344 24390 25436 26482 27528 28574 29620 30666 31712 32758 33804 34850 35896 36942 37988 39034 40080 41126 42172 43218 44264 45310 46356 47402 48448 49494 50540 51586 52632 53678 54724 55770 56816 57862 58908 59954 61000 62046 63092 64138 65184 66230 67276 68322 69368 70414 71460 72506 73552 74598 75644 76690 77736 78782 79828 80874 81920 82966 84012 85058 86104 87150 88196 89242 90288 91334 92380 93426 94472 95518 96564 97610 98656 99702 100748 101794 102840 103886 104932 105978 107024 108070 109116 110162 111208 112254 113300 114346 115392 116438 117484 118530 119576 120622 121668 122714 123760 124806 125852 126898 127944 128990 130036 131082 132128 133174 134220 135266 136312 137358 138404 139450 140496 141542 142588 143634 144680 145726 146772 147818 148864 149910 150956 152002 153048 154094 155140 156186 157232 158278 159324 160370 161416 162462 163508 164554
249
269 3007 5745 8483 11221 13959 16697 19435 22173 24911 27649 30387 33125 35863 38601 41339 44077 46815 49553 52291 55029 57767 60505 63243 65981 68719 71457 74195 76933 79671 82409 85147 87885 90623 93361 96099 98837 101575 104313 107051 109789 112527 115265 118003 120741 123479 126217 128955 131693 134431 137169 139907 142645 145383 148121 150859 153597 156335 159073 161811 164549 167287 170025 172763 175501 178239 180977 183715 186453 189191 191929 194667 197405 200143 202881 205619 208357 211095 213833 216571 219309 222047 224785 227523 230261 232999 235737 238475 241213 243951 246689 249427 252165 254903 257641 260379 263117 265855 268593 271331 274069 276807 279545 282283 285021 287759 290497 293235 295973 298711 301449 304187 306925 309663 312401 315139 317877 320615 323353 326091 328829 331567 334305 337043 339781 342519 345257 347995 350733 353471 356209 358947 361685 364423 367161 369899 372637 375375 378113 380851 383589 386327 389065 391803 394541 397279 400017 402755 405493 408231 410969 413707 416445 419183 421921 424659 427397 430135 432873 435611 438349 441087 443825 446563 449301 452039 454777 457515 460253 462991 465729 468467 471205 473943 476681 479419 482157 484895 487633 490371 493109 495847 498585 501323 504061 506799 509537 512275 515013 517751 520489 523227 525965 528703 531441 534179 536917 539655 542393 545131 547869 550607 553345 556083 558821 561559 564297 567035 569773 572511 575249 577987 580725 583463 586201 588939 591677 594415 597153 599891 602629 605367 608105 610843 613581 616319 619057 621795 624533 627271 630009 632747 635485 638223 640961 643699 646437 649175 651913 654651 657389 660127 662865 665603 668341 671079 673817 676555 679293
304
664 1537 2410 3283 4156 5029 5902 6775 7648 8521 9394 10267 11140 12013 12886 13759 14632 15505 16378 17251 18124 18997 19870 20743 21616 22489 23362 24235 25108 25981 26854 27727 28600 29473 30346 31219 32092 32965 33838 34711 35584 36457 37330 38203 39076 39949 40822 41695 42568 43441 44314 45187 46060 46933 47806 48679 49552 50425 51298 52171 53044 53917 54790 55663 56536 57409 58282 59155 60028 60901 61774 62647 63520 64393 65266 66139 67012 67885 68758 69631 70504 71377 72250 73123 73996 74869 75742 76615 77488 78361 79234 80107 80980 81853 82726 83599 84472 85345 86218 87091 87964 88837 89710 90583 91456 92329 93202 94075 94948 95821 96694 97567 98440 99313 100186 101059 101932 102805 103678 104551 105424 106297 107170 108043 108916 109789 110662 111535 112408 113281 114154 115027 115900 116773 117646 118519 119392 120265 121138 122011 122884 123757 124630 125503 126376 127249 128122 128995 129868 130741 131614 132487 133360 134233 135106 135979 136852 137725 138598 139471 140344 141217 142090 142963 143836 144709 145582 146455 147328 148201 149074 149947 150820 151693 152566 153439 154312 155185 156058 156931 157804 158677 159550 160423 161296 162169 163042 163915 164788 165661 166534 167407 168280 169153 170026 170899 171772 172645 173518 174391 175264 176137 177010 177883 178756 179629 180502 181375 182248 183121 183994 184867 185740 186613 187486 188359 189232 190105 190978 191851 192724 193597 194470 195343 196216 197089 197962 198835 199708 200581 201454 202327 203200 204073 204946 205819 206692 207565 208438 209311 210184 211057 211930 212803 213676 214549 215422 216295 217168 218041 218914 219787 220660 221533 222406 223279 224152 225025 225898 226771 227644 228517 229390 230263 231136 232009 232882 233755 234628 235501 236374 237247 238120 238993 239866 240739 241612 242485 243358 244231 245104 245977 246850 247723 248596 249469 250342 251215 252088 252961 253834 254707 255580 256453 257326 258199 259072 259945 260818 261691 262564 263437 264310 265183
284
511 1694 2877 4060 5243 6426 7609 8792 9975 11158 12341 13524 14707 15890 17073 18256 19439 20622 21805 22988 24171 25354 26537 27720 28903 30086 31269 32452 33635 34818 36001 37184 38367 39550 40733 41916 43099 44282 45465 46648 47831 49014 50197 51380 52563 53746 54929 56112 57295 58478 59661 60844 62027 63210 64393 65576 66759 67942 69125 70308 71491 72674 73857 75040 76223 77406 78589 79772 80955 82138 83321 84504 85687 86870 88053 89236 90419 91602 92785 93968 95151 96334 97517 98700 99883 101066 102249 103432 104615 105798 106981 108164 109347 110530 111713 112896 114079 115262 116445 117628 118811 119994 121177 122360 123543 124726 125909 127092 128275 129458 130641 131824 133007 134190 135373 136556 137739 138922 140105 141288 142471 143654 144837 146020 147203 148386 149569 150752 151935 153118 154301 155484 156667 157850 159033 160216 161399 162582 163765 164948 166131 167314 168497 169680 170863 172046 173229 174412 175595 176778 177961 179144 180327 181510 182693 183876 185059 186242 187425 188608 189791 190974 192157 193340 194523 195706 196889 198072 199255 200438 201621 202804 203987 205170 206353 207536 208719 209902 211085 212268 213451 214634 215817 217000 218183 219366 220549 221732 222915 224098 225281 226464 227647 228830 230013 231196 232379 233562 234745 235928 237111 238294 239477 240660 241843 243026 244209 245392 246575 247758 248941 250124 251307 252490 253673 254856 256039 257222 258405 259588 260771 261954 263137 264320 265503 266686 267869 269052 270235 271418 272601 273784 274967 276150 277333 278516 279699 280882 282065 283248 284431 285614 286797 287980 289163 290346 291529 292712 293895 295078 296261 297444 298627 299810 300993 302176 303359 304542 305725 306908 308091 309274 310457 311640 312823 314006 315189 316372 317555 318738 319921 321104 322287 323470 324653 325836 327019 328202 329385 330568 331751 332934 334117 335300
63
207 16030 31853 47676 63499 79322 95145 110968 126791 142614 158437 174260 190083 205906 221729 237552 253375 269198 285021 300844 316667 332490 348313 364136 379959 395782 411605 427428 443251 459074 474897 490720 506543 522366 538189 554012 569835 585658 601481 617304 633127 648950 664773 680596 696419 712242 728065 743888 759711 775534 791357 807180 823003 838826 854649 870472 886295 902118 917941 933764 949587 965410 981233
180
538 959 1380 1801 2222 2643 3064 3485 3906 4327 4748 5169 5590 6011 6432 6853 7274 7695 8116 8537 8958 9379 9800 10221 10642 11063 11484 11905 12326 12747 13168 13589 14010 14431 14852 15273 15694 16115 16536 16957 17378 17799 18220 18641 19062 19483 19904 20325 20746 21167 21588 22009 22431 22851 23272 23693 24114 24535 24956 25377 25798 26219 26640 27061 27482 27903 28324 28745 29166 29587 30008 30429 30850 31271 31692 32113 32534 32955 33376 33797 34218 34639 35060 35481 35902 36323 36744 37165 37586 38007 38428 38849 39270 39691 40112 40533 40954 41375 41796 42217 42638 43059 43480 43901 44322 44743 45164 45585 46006 46427 46848 47269 47690 48111 48532 48953 49374 49795 50216 50637 51058 51479 51900 52321 52742 53163 53584 54005 54426 54847 55268 55689 56110 56531 56952 57373 57794 58215 58636 59057 59478 59899 60320 60741 61162 61583 62004 62425 62846 63267 63688 64109 64530 64951 65372 65793 66214 66635 67056 67477 67898 68319 68740 69161 69582 70003 70424 70845 71266 71687 72108 72529 72950 73371 73792 74213 74634 75055 75476 75897
255
939 4692 8445 12198 15951 19704 23457 27210 30963 34716 38469 42222 45975 49728 53481 57234 60987 64740 68493 72246 75999 79752 83505 87258 91011 94764 98517 102270 106023 109776 113529 117282 121035 124788 128541 132294 136047 139800 143553 147306 151059 154812 158565 162318 166071 169824 173577 177330 181083 184836 188589 192342 196095 199848 203601 207354 211107 214860 218613 222366 226119 229872 233625 237378 241131 244884 248637 252390 256143 259896 263649 267402 271155 274908 278661 282414 286167 289920 293673 297426 301179 304932 308685 312438 316191 319944 323697 327450 331203 334956 338709 342462 346215 349968 353721 357474 361227 364980 368733 372486 376239 379992 383745 387498 391251 395004 398757 402510 406263 410016 413769 417522 421275 425028 428781 432534 436287 440040 443793 447546 451299 455052 458805 462558 466311 470064 473817 477570 481323 485076 488829 492582 496335 500088 503841 507594 511347 515100 518853 522606 526359 530112 533865 537618 541371 545124 548877 552630 556383 560136 563889 567642 571395 575148 578901 582654 586407 590160 593913 597666 601419 605172 608925 612678 616431 620184 623937 627690 631443 635196 638949 642702 646455 650208 653961 657714 661467 665220 668973 672726 676479 680232 683985 687738 691491 695244 698997 702750 706503 710256 714009 717762 721515 725268 729021 732774 736527 740280 744033 747786 751539 755292 759045 762798 766551 770304 774057 777810 781563 785316 789069 792822 796575 800328 804081 807834 811587 815340 819093 822846 826599 830352 834105 837858 841611 845364 849117 852870 856623 860376 864129 867882 871635 875388 879141 882894 886647 890400 894153 897906 901659 905412 909165 912918 916671 920424 924177 927930 931683 935436 939189 942942 946695 950448 954201
318
690 1107 1524 1941 2358 2775 3192 3609 4026 4443 4860 5277 5694 6111 6528 6945 7362 7779 8196 8613 9030 9447 9864 10281 10698 11115 11532 11949 12366 12783 13200 13617 14034 14451 14868 15285 15702 16119 16536 16953 17370 17787 18204 18621 19038 19455 19872 20289 20706 21123 21540 21957 22374 22791 23208 23625 24042 24459 24876 25293 25710 26127 26544 26961 27378 27795 28212 28629 29046 29463 29880 30297 30714 31131 31548 31965 32382 32799 33216 33633 34050 34467 34884 35301 35718 36135 36552 36969 37386 37803 38220 38637 39054 39471 39888 40305 40722 41139 41556 41973 42390 42807 43224 43641 44058 44475 44892 45309 45726 46143 46560 46977 47394 47811 48228 48645 49062 49479 49896 50313 50730 51147 51564 51981 52398 52815 53232 53649 54066 54483 54900 55317 55734 56151 56568 56985 57402 57819 58236 58653 59070 59487 59904 60321 60738 61155 61572 61989 62406 62823 63240 63657 64074 64491 64908 65325 65742 66159 66576 66993 67410 67827 68244 68661 69078 69495 69912 70329 70746 71163 71580 71997 72414 72831 73248 73665 74082 74499 74916 75333 75750 76167 76584 77001 77418 77835 78252 78669 79086 79503 79920 80337 80754 81171 81588 82005 82422 82839 83256 83673 84090 84507 84924 85341 85758 86175 86592 87009 87426 87843 88260 88677 89094 89511 89928 90345 90762 91179 91596 92013 92430 92847 93264 93681 94098 94515 94932 95349 95766 96183 96600 97017 97434 97851 98268 98685 99102 99519 99936 100353 100770 101187 101604 102021 102438 102855 103272 103689 104106 104523 104940 105357 105774 106191 106608 107025 107442 107859 108276 108693 109110 109527 109944 110361 110778 111195 111612 112029 112446 112863 113280 113697 114114 114531 114948 115365 115782 116199 116616 117033 117450 117867 118284 118701 119118 119535 119952 120369 120786 121203 121620 122037 122454 122871 123288 123705 124122 124539 124956 125373 125790 126207 126624 127041 127458 127875 128292 128709 129126 129543 129960 130377 130794 131211 131628 132045 132462 132879
272
33 757 1481 2205 2929 3653 4377 5101 5825 6549 7273 7997 8721 9445 10169 10893 11617 12341 13065 13789 14513 15237 15961 16685 17409 18133 18857 19581 20305 21029 21753 22477 23201 23925 24649 25373 26097 26821 27545 28269 28993 29717 30441 31165 31889 32613 33337 34061 34785 35509 36233 36957 37681 38405 39129 39853 40577 41301 42025 42749 43473 44197 44921 45645 46369 47093 47817 48541 49265 49989 50713 51437 52161 52885 53609 54333 55057 55781 56505 57229 57953 58677 59401 60125 60849 61573 62297 63021 63745 64469 65193 65917 66641 67365 68089 68813 69537 70261 70985 71709 72433 73157 73881 74605 75329 76053 76777 77501 78225 78949 79673 80397 81121 81845 82569 83293 84017 84741 85465 86189 86913 87637 88361 89085 89809 90533 91257 91981 92705 93429 94153 94877 95601 96325 97049 97773 98497 99221 99945 100669 101393 102117 102841 103565 104289 105013 105737 106461 107185 107909 108633 109357 110081 110805 111529 112253 112977 113701 114425 115149 115873 116597 117321 118045 118769 119493 120217 120941 121665 122389 123113 123837 124561 125285 126009 126733 127457 128181 128905 129629 130353 131077 131801 132525 133249 133973 134697 135421 136145 136869 137593 138317 139041 139765 140489 141213 141937 142661 143385 144109 144833 145557 146281 147005 147729 148453 149177 149901 150625 151349 152073 152797 153521 154245 154969 155693 156417 157141 157865 158589 159313 160037 160761 161485 162209 162933 163657 164381 165105 165829 166553 167277 168001 168725 169449 170173 170897 171621 172345 173069 173793 174517 175241 175965 176689 177413 178137 178861 179585 180309 181033 181757 182481 183205 183929 184653 185377 186101 186825 187549 188273 188997 189721 190445 191169 191893 192617 193341 194065 194789 195513 196237
11
842768 449719 89085 340372 106126 383141 51371 368663 975507 463976 199658
29
932643 377568 344315 390719 462386 738607 163103 658867 914509 852242 134514 13222 645891 429247 180748 488658 395318 786184 829030 501443 169325 396752 386458 144831 860727 102467 709194 187992 289153
74
148 3184 6220 9256 12292 15328 18364 21400 24436 27472 30508 33544 36580 39616 42652 45688 48724 51760 54796 57832 60868 63904 66940 69976 73012 76048 79084 82120 85156 88192 91228 94264 97300 100336 103372 106408 109444 112480 115516 118552 121588 124624 127660 130696 133732 136768 139804 142841 145876 148912 151948 154984 158020 161056 164092 167128 170164 173200 176236 179272 182308 185344 188380 191416 194452 197488 200524 203560 206596 209632 212668 215704 218740 221776
14
728 77473 154218 230963 307708 384453 461198 537944 614688 691433 768178 844923 921668 998413
128
210 1857 3504 5151 6798 8445 10092 11739 13386 15033 16680 18327 19974 21621 23268 24915 26562 28209 29856 31503 33150 34797 36444 38091 39738 41385 43032 44679 46326 47973 49620 51267 52914 54561 56208 57855 59502 61149 62796 64443 66090 67737 69384 71031 72678 74325 75972 77619 79266 80913 82560 84207 85854 87501 89148 90795 92442 94089 95736 97383 99030 100677 102324 103971 105618 107265 108912 110559 112206 113853 115500 117147 118794 120441 122088 123735 125382 127029 128676 130323 131970 133617 135264 136911 138558 140205 141852 143499 145146 146793 148440 150087 151734 153381 155028 156675 158322 159969 161616 163263 164910 166557 168204 169851 171498 173145 174792 176439 178086 179733 181380 155058 184674 186321 187968 189615 191262 192909 194556 196203 197850 199497 201144 202791 204438 206085 207732 209379
18
568169 611460 537242 470978 272643 914321 89796 498188 102312 378949 41611 17811 117096 478953 761273 245961 895032 759693
177
631474 504941 850845 771074 816402 917571 213209 956892 2091 341021 10485 989421 613663 924805 79216 628202 543469 974516 669812 561279 91611 665116 838903 337571 560147 598595 391851 46475 303919 590339 742262 451744 611631 109458 739169 428032 27028 952378 901275 29119 293398 911760 534891 423412 352916 614106 51613 896384 588622 721424 974015 680232 902891 812917 534155 979389 927864 926005 542215 748134 32695 284477 199878 644326 393934 939046 588709 937314 891423 489984 482784 701172 918095 17674 124583 271010 631779 176195 683746 736752 413970 657760 933336 833212 987028 467490 812600 914891 909846 354815 179377 942540 155643 379254 103217 65928 318299 208278 519593 726074 698261 2376 427245 616355 20049 551828 403716 168180 244374 87461 421283 658344 745220 354618 7907 248600 338459 820507 679842 248304 691673 859218 707196 363667 238471 810412 945946 556770 18689 465539 799195 233301 467914 226439 366007 4315 294618 769723 688846 538992 857183 110128 713687 118755 981098 721593 367354 835908 58451 47195 84212 266475 422765 791407 630141 661235 118170 576087 734356 136859 557977 533550 370159 25890 276341 252518 546556 570958 22240 235401 626301 879422 861881 856339 514528 359330 94284
9
237 19299 38361 57423 76485 95547 114609 133672 152733
285
192 2258 4324 6390 8456 10522 12588 14654 16720 18786 20852 22918 24984 27050 29116 31182 33248 35314 37380 39446 41512 43578 45644 47710 49776 51842 53908 55974 58040 60106 62172 64238 66304 68370 70436 72502 74568 76634 78700 80766 82832 84898 86964 89030 91096 93162 95228 97294 99360 101426 103492 105558 107624 109690 111756 113822 115888 117954 120020 122086 124152 126218 128284 130350 132416 134482 136548 138614 140680 142746 144812 146878 148944 151010 153076 155142 157208 159274 161340 163406 165472 167538 169604 171670 173736 175802 177868 179934 182000 184066 186132 188198 190264 192330 194396 196462 198528 200594 202660 204726 206792 208858 210924 212990 215056 217122 219188 221254 223320 225386 227452 229518 231584 233650 235716 237782 239848 241914 243980 246046 248112 250178 252244 254310 256376 258442 260508 262574 264640 266706 268772 270838 272904 274970 277036 279102 281168 283234 285300 287366 289432 291498 293564 295630 297696 299762 301828 303894 305960 308026 310092 312158 314224 316290 318356 320423 322488 324554 326620 328686 330752 332818 334884 336950 339016 341082 343148 345214 347280 349346 351412 353478 355544 357610 359676 361742 363808 365874 367940 370006 372072 374138 376204 378270 380336 382402 384468 386534 388600 390666 392732 394798 396864 398930 400996 403062 405128 407194 409260 411326 413392 415458 417524 419590 421656 423722 425788 427854 429920 431986 434052 436118 438184 440250 442316 444382 446448 448514 450580 452646 454712 456778 458844 460910 462976 465042 467108 469174 471240 473306 475372 477438 479504 481570 483636 485702 487768 489834 491900 493966 496032 498098 500164 502230 504296 506362 508428 510494 512560 514626 516692 518758 520824 522890 524956 527022 529088 531154 533220 535286 537352 539418 541484 543550 545616 547682 549748 551814 553880 555946 558012 560078 562144 564210 566276 568342 570408 572474 574540 576606 578672 580738 582804 584870 586936
155
491 2413 4335 6257 8179 10101 12023 13945 15867 17789 19711 21633 23555 25477 27399 29321 31243 33165 35087 37009 38931 40853 42775 44697 46619 48541 50463 52385 54307 56229 58151 60073 61995 63917 65839 67761 69683 71605 73527 75449 77371 79293 81215 83137 85059 86981 88903 90825 92747 94669 96591 98513 100435 102357 104279 106201 108123 110045 111967 113889 115811 117733 119655 121577 123499 125421 127343 129265 131187 133109 135031 136953 138875 140797 142719 144641 146563 148485 150407 152329 154251 156173 158095 160017 161939 163861 165783 167705 169627 171549 173471 175393 177315 179237 181159 183081 185003 186925 188847 190769 192691 194613 196535 198457 200379 202301 204223 206145 208067 209989 211911 213833 215755 217677 219599 221521 223443 225365 227287 229209 231131 233053 234975 236897 238819 240741 242663 244585 246507 248429 250351 252273 254195 256117 258039 259961 261883 263805 265727 267649 269571 271493 273415 275337 277259 279181 281103 283025 284947 286869 288791 290713 292635 294557 296479
84
96 9231 18366 27501 36636 45771 54906 64041 73176 82311 91446 100581 109716 118851 127986 137121 146256 155391 164526 173661 182796 191931 201066 210201 219336 228471 237606 246741 255876 265011 274146 283281 292416 301551 310686 319821 328956 338091 347226 356361 365496 374631 383766 392901 402036 411171 420306 429441 438576 447711 456846 465981 475116 484251 493386 502521 511656 520791 529926 539061 548196 557331 566466 575601 584736 593871 603006 612141 621276 630411 821264 648681 657816 666951 676086 685221 694356 703491 712626 721761 730896 740031 749166 758301
304
852 1036 1220 1404 1588 1772 1956 2140 2324 2508 2692 2876 3060 3244 3428 3612 3796 3980 4164 4348 4532 4716 4900 5084 5268 5452 5636 5820 6004 6188 6372 6556 6740 6924 7108 7292 7476 7660 7844 8028 8212 8396 8580 8764 8948 9132 9316 9500 9684 9868 10052 10236 10420 10604 10788 10972 11156 11340 11524 11708 11892 12076 12260 12444 12628 12812 12996 13180 13364 13548 13732 13916 14100 434897 14468 14652 14836 15020 15204 15388 15572 15756 15940 16124 16308 16492 16676 16860 17044 17228 17412 17596 17780 17964 18148 18332 18516 18700 18884 19068 19252 19436 19620 19804 19988 20172 20356 20540 20724 20908 21092 21276 21460 21644 21828 22012 22196 22380 22564 22748 22932 23116 23300 23484 23668 23852 24036 24220 24404 24588 24772 24956 25140 25324 25508 25692 25876 26060 26244 26428 26612 26796 26980 27164 27348 27532 27716 27900 28084 28268 28452 28636 28820 29004 29188 29372 29556 29740 29924 30108 30292 30476 30660 30844 31028 31212 31396 31580 31764 31948 32132 32316 32500 32684 32868 33052 33236 33420 33604 33788 33972 34156 34340 34524 34708 34892 35076 35260 35444 35628 35812 35996 36180 36364 36548 36732 36916 37100 37284 37468 37652 37836 38020 38204 38388 38572 38756 38940 39124 39308 39492 39676 39860 40044 40228 40412 40596 40780 40964 41148 41332 41516 41700 41884 42068 42252 42436 42620 42804 42988 43172 43356 43540 43724 43908 44092 44276 44460 44644 44828 45012 45196 45380 45564 45748 45932 46116 46300 46484 46668 46852 47036 47220 47404 47588 47772 47956 48140 48324 48508 48692 48876 49060 49244 49428 49612 49796 49980 50164 50348 50532 50716 50900 51084 51268 51452 51636 51820 52004 52188 52372 52556 52740 52924 53108 53292 53476 53660 53844 54028 54212 54396 54580 54764 54948 55132 55316 55500 55684 55868 56052 56236 56420 56604
113
153 2924 5695 8466 11237 14008 16779 19550 22321 25092 27863 30634 33405 36176 38947 41718 44489 47260 50031 52802 55573 58344 61115 63886 66657 69428 72199 74970 77741 80512 83283 86054 88825 91596 94367 97138 99909 102680 105451 108222 110993 113764 116535 119306 122077 124848 127619 130390 133161 135932 138703 141474 144245 147016 149787 152558 155329 158100 160871 163642 166413 169184 171955 174726 177497 180268 183039 185810 188581 191352 194123 196894 199665 202436 205207 207978 210749 213520 216291 219062 221833 224604 227375 230146 232917 235688 238459 241230 244001 246772 249543 252314 255085 257856 260627 263398 266169 268940 271711 274482 277253 280024 282795 285566 288337 291108 293879 296650 299421 302192 304963 307734 310505
82
658356 405171 6361 220485 626898 180851 516970 985483 913318 863357 230579 188026 2435 728191 9289 712471 248043 582305 565160 163668 533553 274187 110172 844130 593849 938557 866296 66244 212369 684261 990552 387076 605783 996912 123913 232681 694114 640882 218163 123783 20590 965093 311808 23025 693284 837449 735495 457678 936105 817006 137697 986010 607544 247868 830139 201392 186425 212786 267636 915145 413398 774539 818573 19181 287802 942485 768213 981915 583366 986375 105698 120308 951468 933857 143332 161103 287657 395178 618780 223762 212184 756476
195
79 100 121 142 163 184 205 226 247 268 289 310 331 352 373 394 415 436 457 478 499 520 541 562 583 604 625 646 667 688 709 730 751 772 793 814 835 856 877 898 919 940 961 982 1003 1024 1045 1066 1087 1108 1129 1150 1171 1192 1213 1234 1255 1276 1297 1318 1339 1360 1381 1402 1423 1444 1465 1486 1507 1528 1549 1570 1591 1612 1633 1654 1675 1696 1717 1738 1759 1780 1801 1822 1843 1864 1885 1906 1927 1948 1969 1990 2011 2032 2053 2074 2095 2116 2137 2158 2179 2200 2221 2242 2263 2284 2305 2326 2347 2368 2389 2410 2431 2452 2473 2494 2515 2536 2557 2578 2599 2620 2641 2662 2683 2704 2725 2746 2767 2788 2809 2830 2851 2872 2893 2914 2935 2956 2977 2998 3019 3040 3061 3082 3103 3124 3145 3166 3187 3208 3229 3250 3271 3292 3313 3334 3355 3376 3397 3418 3439 3460 3481 3502 3523 3544 3565 3586 3607 3628 3649 3670 3691 3712 3733 3754 3775 3796 3817 3838 3859 3880 3901 3922 3943 3964 3985 4006 4027 4048 4069 4090 4111 4132 4153
81
95996 440836 717976 900149 383320 486188 882063 483037 988915 504112 603344 456734 954321 746675 617836 241977 658205 752967 465738 386740 509442 675508 722818 30136 748121 260288 737255 33519 98097 359518 732314 710444 316705 966642 610592 700024 969181 9007 183060 474447 29470 786404 931180 983790 49430 65367 225767 707634 818333 691504 610725 844126 883364 333543 874262 147836 110182 127868 181354 208279 487385 430019 435074 804089 396660 45666 20464 882193 571024 203523 356639 600493 506278 287819 100635 72060 353185 326401 296045 687870 534256
