3 4 5
9003 3759 6012
18654 514 28492
22286 6968 38234
13164 1983 13281
2724 6801 7515
5251 28753 30040
15972 10992 29028
2054 20480 27003
15412 1940 27723
19309 21496 10152
16080 3589 28981
2135 5546 10860
19568 23975 19731
23396 16197 21892
21031 18724 25956
17976 14710 18414
6820 10649 12819
736 22186 30457
308 29070 29914
18314 12096 20633
9338 12823 10237
22489 2611 44476
4720 11960 18679
10946 8857 7978
12014 11491 13393
29439 4635 46610
7728 29220 52295
29397 25234 12931
28785 28758 15061
8444 29401 33396
22991 382 22699
16949 8390 23514
10331 23832 43633
12313 14895 26721
8269 12026 13430
13834 20392 33784
20374 1773 30187
21326 23461 9916
8520 23532 28336
23989 11278 44126
20104 3299 24348
607 51 739
3593 8616 11066
2689 15870 21284
25664 2745 38790
10292 13598 19950
1489 15515 17254
29611 23736 13191
10980 6514 18745
15223 2324 15444
19812 5546 18303
27285 515 30292
25946 14458 16144
7539 15722 22386
7639 1482 8187
6981 907 9344
565 2249 2032
23340 5365 20118
5782 12256 13098
5411 12955 22724
2737 20566 23403
11450 20231 15906
7864 3290 6116
6131 20807 127567717
7698 510 14248
20202 16556 20035
16773 1549 33228
24848 11932 19942
2153 19270 31682
4886 2629 3953
21064 14801 22049
29930 28731 9086
26216 14029 23586
16708 24883 34590
25425 18011 28366
8385 29266 40192
1895 469 2796
10366 20167 18618
23630 14042 32819
12450 5549 17606
19191 10003 12090
1088 4202 8202
15307 28372 33607
5538 15614 10845
21670 11478 31785
18247 1288 17740
20486 12225 18847
810 1384 1990
1956 15941 20361
19143 21441 31289
29431 5352 46787
29602 1616 36321
9445 221 18883
17326 14290 25178
5535 8569 7682
29585 9319 21388
694 25129 30427
5192 7616 5804
9872 15596 23582
29876 17395 35172
3893 22978 21847
29523 2198 38962
8124 14744 15469
8077 26205 44822
23660 23434 12502
20501 8065 31387
18306 16791 33959
1822 2512 4747
1166 244 1140
17594 13017 23493
28918 17880 43009
15062 2863 20720
6260 22966 43365
13042 27186 34518
18287 19332 5480
19179 14727 14238
22136 17122 14663
26315 467 27114
29014 13206 39499
16569 11382 21604
24931 1537 23414
23499 24726 28140
5677 22709 23949
16779 9227 31876
6292 13985 15306
81 15825 19531
5085 8020 15645
29895 6912 55725
2114 10049 11250
4909 851 4861
28484 21517 7644
13615 8964 23055
21011 15691 22163
588 3010 2850
19454 29753 11278
2342 3149 5588
23852 21842 23641
6857 19556 17615
578 15571 15473
21088 9310 27289
2571 13196 12506
18785 23531 14882
21280 7054 29875
5117 6164 11133
1267 15506 17442
3318 1926 2011
10793 24116 45752
4263 17655 15026
25320 29269 40
29047 13157 30600
15903 15425 27993
14106 1470 15971
18042 29027 34365
19502 24973 25406
5902 5823 1889
13844 17955 14259
10246 27228 17583
24858 17820 37488
25290 2659 43664
2590 27112 30085
19019 21422 7714
654 3086 3702
28538 12264 28460
27321 21289 19132
21274 20376 13378
1802 24016 36497
3428 9899 12212
205 5091 5333
58140 58141 341
343 58824 58825
25595 17800 12618
23598 5829 43345
952 21703 36516
26347 6294 32278
1574 3571 2249
465 19254 34743
22029 24286 13218
20596 19725 13390
20945 15705 18778
28942 8358 37040
1548 441 2528
16580 27990 32433
26297 6329 166433713
25141 23832 4116
5810 8357 3864
2232 4284 3289
16499 20093 5607
3190 6895 3860
13396 22724 18331
18562 1996 34274
16318 2717 30555
15068 1224 25032
19979 889 21553
15717 10104 7673
12042 6390 8524
24971 20408 6727
10338 11873 3518
28020 29065 27088
3656 12775 19654
12090 25335 19790
21826 17635 6832
18364 17993 18405
12787 19757 22650
22258 2396 40940
15644 14475 3331
12751 2929 17336
350 5888 8590
3592 26475 52867
9560 21460 38879
27235 29776 33759
24639 25454 10173
1320 491 2084
24574 20565 16627
4650 22332 32055
3964 15350 24066
3267 12892 16387
4259 14334 19367
451 15421 25929
4404 25448 39880
1002 17608 18283
12949 659 22755
2001 4344 2888
23568 27643 16653
4907 26632 24340
19529 11112 8537
17066 11737 18951
27084 15279 30258
27099 2058 48004
1747 15198 14962
23091 6275 43219
27904 6885 42713
5830 4961 4168
18887 797 18675
13803 12156 21514
14899 10555 29092
995 733 1632
27264 402 51384
8838 11028 11497
12321 21677 26608
1628 25483 31898
24687 12971 36949
27579 8086 21590
11083 12009 5603
16061 4640 25826
9429 16977 13864
1824 27825 48721
20671 15601 13701
17786 14689 3348
18147 24486 27867
24900 17960 27020
15401 7415 8911
24486 23046 18890
11233 11392 17775
10510 16824 6502
23834 7796 28058
14321 1264 21996
23709 1316 28815
13652 5705 11268
3991 10378 7582
22499 24439 25719
3094 7238 9720
24767 809 20036503
15333 2715 20787
23895 29432 19498
17257 10049 34023
685 16292 29643
2450 4906 7573
10297 5022 11568
24315 5779 47067
5511 16919 14795
29127 2289 55757
1875 27248 32712
18663 5787 22272
2421 4087 6450
15564 25154 15382
21621 28315 21008
7338 21653 31149
9503 2076 16937
14043 22178 34397
24339 23040 26824
8204 17365 33367
2774 9364 15034
10281 9891 5399
26340 25857 28930
15697 24386 16196
23329 20133 31482
23602 13825 34302
7400 21895 30259
27296 8982 29920
23644 27617 9543
17476 21504 17327
986 11607 13076
10930 15059 16669
863 2720 4229
334 19972 21668
630 917 605
4799 8072 11663
11660 425 21673
24810 10353 27
3373 21912 20394
421 8773 14311
19275 28435 15673
6567 6596 10190
17975 23280 17680
29786 7900 34723
7305 6795 11569
21147 9202 19679
21944 10421 27379
9108 21209 41782
21918 11430 15243
16936 26624 13442
28743 12306 37557
22197 5315 21753
26014 24985 17062
28686 4067 35634
25819 25616 13793
6140 26515 45315
1460 16469 32215
26289 27290 32685
1175 4774 8539
13801 9844 18691
8890 19896 39532
24491 5768 19779
18935 15617 4580
15856 17597 13610
2027 7410 6067
14229 22038 21210
7788 1504 10286
23649 24107 19539
6893 26932 20095
13585 27273 32387
2757 13907 13582
19863 4962 17495
26698 9375 38112
28443 4384 41444
2047 18405 16846
19551 28326 9090
8686 10347 19427
681 231880 231881
683 233244 233245
10667 19669 27235
26134 29270 9854
26366 29700 32276
21452 2925 34059
1095 1704 2945
1943 6991 9304
25262 19504 26134
10434 18829 16338
250 22058 37923
2572 29539 75974308
2239 6198 7293
19014 10534 27826
21008 13432 19375
5989 28391 33750
28068 11419 39160
2676 19918 36119
16359 11194 11501
11741 20710 16108
19728 14282 13331
20063 17217 4259
6376 22880 36100
10234 16076 5950
12000 16105 11403
20938 8743 16581
20968 7329 26641
29947 10579 35946
11641 7418 4599
2546 757 2563
3727 11569 9072
15005 13998 13212
1667 24630 26414
6079 16166 26737
13063 5697 15669
2046 6644 10593
3509 8614 11797
10332 28649 48705
27368 20924 38031
10935 975 14308
738 13058 21783
1491 1694 925
20835 2703 24211
564 6244 12125
5956 16077 24818
19996 14813 9978
9902 296 17698
27989 5764 44540
11783 14000 13984
10632 4887 5834
16047 9603 18476
11850 7188 9511
9240 11287 21429
18489 1232 17872
5355 2913 4959
24747 13242 13915
11055 28426 30418
22500 1084 29729
12720 13498 1740
24022 6088 18621
1050 3917 5291
28106 26249 30679
19584 1461 18559
11149 22124 16804
9291 7098 15075
8436 556 8851
22465 18133 10585
20687 17177 32478
4772 15324 20060
20654 5472 29787
24995 12855 16737
11510 24880 36155
1922 2720 4283
21317 21804 14492
288 2010 2148
11538 13298 11293
7175 600 10902
2307 6563 8341
28506 6478 43911
1620 8105 12807
5291 14656 12153
3947 13362 14214
23648 11216 38019
1501 18453 30465
4869 4086 1847
4273 28964 39371
28930 29285 10985
29943 6164 45951
15062 10339 4924
27516 4217 51962
9223 5733 5195
29524 24213 8399
5718 24079 32501
11998 16872 25520
27597 10090 43051
23991 11454 40025
17858 26484 30338
9875 28722 47857
17392 14922 34226
14849 24923 28212
17957 12705 7561
29561 26536 11267
26685 26705 6142
4173 3466 5055
23397 21010 14634
27728 9215 29362
28888 10947 35999
590 7844 8020
27025 10959 30564
17074 20818 5975
15276 20113 28
15591 1086 27926
18794 7363 17800
10324 19575 13062
20243 1833 20513
8203 29312 23319
25647 25694 9582
28798 11911 47812
8646 4260 8676
14551 20468 6555
8876 1853 8920
27080 12199 44115
29702 16474 20237
27117 16466 15836
1621 9016 13045
27670 27932 30079
9739 17801 34911
24083 29371 30435
11454 24029 30364
22230 24206 7819
14252 4182 11127
8459 15445 24306
27790 5611 41529
1607 1690 1610
23888 14403 17830
1412 454 2626
7525 11586 5624
12332 10910 21366
22036 10658 37034
26721 1299 34811
20794 9257 40611
1761 7616 6327
28477 19289 549292853
20601 9961 31776
10266 11696 8421
25725 27456 11650
24799 6359 157696841
19535 3309 22805
21997 20040 10165
29786 27647 31645
28622 27733 26675
9283 21361 13302
23434 24735 7505
13314 4942 20214
196 33 368
23065 21400 13211
16126 7361 24415
4906 2507 3346
2260 5960 6547
23960 76 29555
20248 2108 28626
25587 5785 35808
1806 11442 12142
18278 28572 40193
15928 8115 18036
5983 17934 29034
29555 27203 15499
13858 8074 16621
8280 933 9072
529 8035 14507
1021 521220 521221
1023 523264 523265
6234 2351 6492
9544 28615 49459
16803 18653 11458
1023 16180 26724
16532 7296 17190
14366 5091 21636
28636 18176 27729
15903 23797 38412
6809 5803 6940
27900 5989 38085
642 4018 5096
21298 11940 15807
4681 11891 18953
12128 27590 44935
15706 15363 28374
16462 766 28886
24602 11426 40280
21970 16990 27839
143 22496 37074
12606 5655 12635
22184 10394 26081
1060 21930 25069
6701 14103 22018
21129 27338 33724
26491 10736 43698
14825 11740 14107
12606 19082 25814
12432 7521 23202
27415 70 47669
18743 11428 22773
6405 29106 32267
29931 7044 33426
793 28008 45284
12704 27709 42365
15993 1111 23887
7684 28007 32031
22192 2170 37477
7021 15801 18377
28195 4238 24204
3315 1790 4724
22665 10880 31055
28444 21136 29589
10762 2290 9991
1436 420 2411
10175 9054 2639
17692 23911 19472
12510 24358 24394
2007 3356 1523
21041 22738 6801
10695 13853 10671
8804 18058 31198
20991 18854 10183
8518 9694 15394
29087 19739 31982
27937 6972 44426
19437 29046 25210
2222 13211 12466
6605 1196 10030
29002 10577 41074
1733 6800 9106
14458 29451 46814
28886 28858 28001
1258 20564 37872
23633 18616 35059
7775 18749 16920
927 27642 49359
17748 16126 20961
18926 28824 21507
25157 18855 33438
2723 21530 28103
25035 17207 17243
13380 22579 35934
10774 6847 20785
21362 29530 14642
19311 27213 26908
8058 137 14899
12484 24794 35304
25196 136 26889
315 28019 31614
21690 1163 33261
1899 19273 24903
18623 3344 26240
6236 9852 17524
23760 6464 19441
16585 8114 32563
27294 8770 20197
4099 2264 6602
8457 6968 2099
13867 24491 45
12739 6629 8204
25134 23246 17636
20042 21809 12269
553 25756 38276
26662 2253 31035
691 11003 7603073
22127 27656 27150
11251 3542 15656
14078 1704 27543
2510 15882 25399
11237 7137 7725
3884 23790 34293
1528 13918 25290
25836 28853 26996
5002 12953 19876
7576 7263 8130
14006 921 16695
29816 18939 19284
10436 29548 24328
258 27743 42296
858 24962 34405
15638 14755 29589
28639 20450 38752
15024 20993 37811
12403 11790 4072
13630 16112 28511
4780 8702 4764
1498 9355 10600
12632 28281 27614
9962 29605 23004
9046 21417 35166
792 29977 59132
16515 12753 4252
1666 14139 17662
391 8027 14359
19083 19570 28461
8800 23236 18326
27399 304 33549
15803 22028 19716
13918 23338 19483
11125 23726 39662
4990 19124 35082
5858 22106 37297
15678 712 18380
4516 14301 18283
9631 28351 273048481
28220 8442 29517
13670 2136 25465
1136 16678 18326
4542 16948 32390
19825 13923 11655
29919 12132 36637
1917 174 2677
18425 23148 33253
23279 10681 18429
23496 24303 15900
8860 13297 17952
10914 23325 37525
22664 5367 20674
18913 9955 12307
3077 16150 15373
27118 4953 45138
2124 23136 46131
19294 24284 6174
18629 6518 34567
13535 6863 11180
5027 24359 33964
2281 1541 1017
5818 361 9012
27502 27452 32417
20653 11100 11675
18168 1 29358
1213 851 1388
15868 12850 14389
477 6937 10791
81 16188 23298
13792 8174 14374
26107 22284 18697
27603 3309 53489
926160 1361 926161
928885 1363 928884
25560 28977 25752
23930 14728 30013
23973 562 23603
26637 21089 35094
28203 10888 41133
1634 8360 14175
9018 2062 15317
9456 28047 23741
2289 19002 24382
14175 14147 1751
23334 2050 38132
17628 5490 18009
9512 25518 34626
26978 17141 26949
8133 11245 16581
4417 23725 37246
6108 26049 30875
9878 3756 12834
15692 20684 35304
16493 24642 23448
6705 1606 10768230
12734 25745 30794
23321 17380 27538
10892 6304 14372
14561 17853 14330
1997 1032 3419
8253 15156 10879
2482 10731 12241
1768 1878 3342
6086 13323 22034
8010 14137 26650
23 529 12167
2606 1016 4479
19670 243 25712
5466 161 10634
14306 16118 20102
6852 18605 27311
18095 5960 26387
18527 1876 21662
297 24001 24461
2385 24449 27890
23591 25083 19933
4273 25072 43712
10775 26340 42056
14511 9307 12857
17424 29953 21856
22996 3908 38552
9391 15181 9231
11793 1819 21349
89 7921 704969
9865 20544 34363
7858 22952 31724
11367 2101 17264
26469 20034 32656
25624 21307 28213
18588 1085 25918
1988 23181 33034
26539 5070 47179
6364 22613 37909
1972 1322 2171
21007 8532 14610
24974 10218 25130
14863 24591 34360
17267 17 26202
19688 82 22076
13182 9403 4794
13526 16424 29362
28004 8900 34734
19677 6037 46
21583 17456 15805
351 15033 17016
17661 15199 18022
1181 29225 52956
6104 565 8460
90 29587 52214
3565 7366 7813
6299 22808 34226
1184 11291 10971
20965 24536 13295
20936 10544 31450
18966 18084 12486
2788 2369 4795
14203 3032 23746
13503 17395 14831
27432 147 40530
23579 2311 22360
18255 21293 8864
20131 13969 25040
574 18907 20937
1134 8692 8660
6661 26393 175803773
17436 21763 15997
26102 2750 37200
7331 20005 13356
2689 16159 31861
7205 27973 21658
2319 12520 17373
19818 20728 29392
2291 20447 28924
3531 20002 33681
6028 15862 14057
19385 12793 32750
19746 9270 11954
16934 28992 36908
20778 23914 7617
24428 6412 25240
29688 13462 22398
18071 5230 25585
19716 18845 13256
20503 683 28799
21582 6306 27961
11074 20012 32758
4740 12548 18361
21550 11394 17352
5881 28429 167190949
2510 27003 26221
13197 6055 7875
24152 2424 42363
24084 6067 43792
28763 5350 36291
21477 28893 9264
25871 28352 8172
1935 7160 6891
27844 12496 17112
18920 27980 27823
124 24657 39835
22263 24928 19083
13334 18687 10385
17514 14624 26055
1377 17858 28515
4743 623 8355
8783 1385 14943
8684 9866 16335
11622 16185 14185
24432 27075 29035
3674 7742 10747
25858 124 46851
19416 15253 11120
26980 2927 41517
11851 7989 18654
29187 418 30217
28768 15322 23319
8552 22681 43273
2007 1562 2133
498 11171 13094
3632 28636 48540
8154 18774 11683
10517 2199 17066
381 1384 2506
8339 6190 10920
144 6341 9414
9595 3394 13699
1827 12493 21367
13446 22861 36496
1059 3945 3107
4882 9192 17264
9210 14006 24292
10385 27656 36403
22987 667 28000
1020 2327 2215
25489 19252 29699
16107 22322 8350
1644 6480 10069
14376 241 28468
10002 8 16620
24014 7818 29519
13520 21847 14274
851 5423 9015
1701 1446700 1446701
1703 1450104 1450105
4726 17046 14526
9026 627 12990
14255 20703 10754
26656 12206 45117
28043 25270 35013
573 24786 30171
26361 10937 40736
3809 12647 19702
24823 20012 17895
8654 21409 13046
14752 28496 16360
14661 20928 33042
20395 29274 21803
10683 19582 10475
20256 28385 27092
16842 21680 16118
15145 15845 6469
22336 11682 24888
11846 6324 7962
5212 21217 37903
16723 22360 16671
18577 22373 12230
7965 7514 8738
17009 27999 27776
19832 14841 6727
24718 27922 14143
232 15656 17967
9576 22148 36582
18587 21739 404062793
16072 23788 33147
15489 2499 16569
11038 23586 27503
21766 2181 34183
1972 592 2707
25121 19212 13018
10450 24306 35356
24847 7664 17423
1022 8748 9119
25648 9854 22790
20538 25404 9301
7464 5383 2660
1840 28911 55453
5502 2694 7441
8933 9927 13743
8493 25706 41415
1954 13170 25999
29666 5203 50208
2723 26627 34089
19688 2020 36
23941 16727 37662
14051 2302 11818
10066 19060 16012
12264 974 14500
651 4545 6478
933 27084 30093
20763 1121 24133
1156 28131 27867
12474 27171 21044
29205 5282 42142
12461 16829 4524
2601 1350 2657
8817 12365 18942
20311 11464 32834
1000 26709 26706
19179 28593 41902
16857 11187 7924
18800 18402 29839
2028 10555 15194
6219 5440 3952
3936 16895 14920
28719 6954 52824
28723 2930 49939
19269 6494 37149
28787 1450 39114
14176 9458 15126
15340 23514 12300
5021 21230 20547
25210 22262 26200
26163 3673 41322
1434 11869 11393
25194 12765 23038
19993 18015 22855
8169 16717 9061
10478 23642 37630
15330 1158 28883
372 18946 27565
29121 28352 7083
23264 11345 22157
1847 8838 13410
16866 3198 17733
4642 302 6263
4116 3791 2936
23762 1729 23561
21510 2298 26309
15625 14158 3855
19819 7324 28589
16895 28309 22652
15338 16486 13450
22964 25367 11457
16102 16931 14680
9113 622 11037
11149 27685 44333
21902 2293 43214
12483 17441 13957
5670 15017 12302
927 2698 2347
24669 23372 7351
18130 2449 22274
17492 17886 18167
25194 2738 35734
123 20013 21276
3607 22230 37681
25477 25672 18362
21812 6162 21133
24433 16215 14668
17573 26154 35521
28569 6775 44812
11667 17922 16036
7690 28272 25189
29625 2374 58131
14843 10584 27796
12608 23673 27983
24918 16772 15470
14357 16466 15641
6126 13140 23210
15679 26970 15537
2556 4541 4625
21663 29198 14538
15384 24486 13350
25629 19183 36405
4869 1844 4253
27450 12609 33906
1871 6145 8112
828 116 1516
13030 29720 22660
691 15202 28213
23714 15458 15641
16252 486 22013
25998 3660 46131
27150 7300 46714
17578 26929 18682
18522 11021 34487
17888 18694 7065
785 9351 11543
27666 11166 25711
8974 1479 10482
2658 17621 30599
2546 6524 4904
18789 16442 20060
